00111001001110000111000000000000
00110010010011100110101011111111
00011001011111001111101011111111
00100101010011100010000100110010
00001100100010101001010110111001
00110101110000001100010000110000
00100101011100101101101101000110
00001100001101111001011011110000
00110110000100101111111010111001
00100110100110001100111010000111
00001001010101000011101100111000
00111000001100110010100011101100
00101110011011000000000111001011
00001100110111111010111010100010
00110101101000100100011100010010
00100100111111101000101010101111
00001101011011110110100100101110
00110101001010101001101110101011
00100011010100011111100000101110
00010001011111111000101100010100
00110000111110111111000000111100
00010101000001101110000000000101
00101100011100100100111010000001
00000110110101111011000011101100
00111001101011010001111100101110
00110100000010001110001011000010
00011111010100010111100110010101
00011010011110100110111001010011
00100011110101111001100111001000
00010000010011111001111101101000
00110010011010000000001111101100
00011001101110110100011101101111
00100101001001111100101000110110
00001101000110111101000000011001
00110101100100011100101010100000
00100100101111010000000110101010
00001110001001011101011001001001
00110100101000011111000111001101
00100001011001111011100001001011
00010101111110110011011110010101
00101011001010100111111000010010
00000011000010100101000010001111
00111011000010010110010010010111
00111001010110001010100110001011
00110010110000001100100100010001
00011010110111011100011101011111
00100011010001011010001101010100
00010001110001000110010110001111
00110000111000100011110010011110
00010100100111111001100100100101
00101101001101011100001101011111
00001001000010011010011100111111
00111000101110100111000101111001
00110000011000111010101010100101
00010011000000100101011011011001
00101111010111000101011101001010
00001111101101010010011111111110
00110011001101000000111100011100
00011100011001101101110110010100
00100000011011111110100010100101
00011000001101010110010100101100
00100111110101001111011111010100
00000110010010111110110000001001
00111010001001011010001110111101
00110101110110011110010101111000
00100101101110010001101011010111
00001011110010001111101001000110
00110110110101001100100011101110
00101001010010110000011111110011
00000010010101001001011111100000
00111011010011101011001110110001
00111010011010110110000100011011
00110110111010011110110111011000
00101001100101110001101000110101
00000001100001110001000010000111
00111011011101001010001000111010
00111011000000100110011111110000
00111001001111000111110101100010
00110010010100101000010000101110
00011001011000001000111010101000
00100101111101110000110111000111
00001011001110000001000011001101
00110111010110000110101110001110
00101011001011100111001010001001
00000010111110101100111000101010
00111011010001010001100001101001
00111010010001010001001000101101
00110110010100111001100001010010
00100111011011101011110100110110
00000111011010010101001100111110
00111001101110101010100101100100
00110100001110010000000111011000
00011111111010011010110111101000
00011001011010001010100001101011
00100101111010100100100100000101
00001011010110010101000010001101
00110111010000000111011001000010
00101010110101010110010000110011
00000001111110010100000100100000
00111011011100010010000000010110
00111010111101000110010111001110
00111001000001001111111011011011
00110001011111011001010010101001
00010110100101101011011001101010
00101010011101100001111001001101
00000000111001111101101110000111
00111011100011010010011000111101
00111011011001000100001011000011
00111010110000010001011100001100
00111000001110100100110100101001
00101110011110110010101101000100
00001100111001010000111110000100
00110110000000110011111101100010
00100110010010011101011010111111
00001010011001111110100101001110
00110111111101010101100100100110
00101101011101111010000111101010
00001001110001000110011001101011
00111000011001000000011011101100
00101111000110001101001010101101
00001110110101000000010101001001
00110100001101101110011011111100
00011111111000010010101000000000
00011001011111100110001000000110
00100101110010010011001000001010
00001011101100000100010111000001
00110111000000011111100000001111
00101001111011011000011110011001
00000000100111000111011000000011
00111011100101000011011111100100
00111011100000001000001101100010
00111011001100011100100000100110
00111001111110000011101001011010
00110101001001111001100010101111
00100011001100111011011011011101
00010010000001010011101101011100
00110000101100111101010110011100
00010011111111000111110111110011
00101110001100100001000010011001
00001100000000010000110000000100
00110110110000110110101110101111
00101001000001101110011011100010
00000011000111110011111111110111
00111011010001010110110011101101
00111010010001100100111011010001
00110110010110000010000101010001
00100111011111100001111101011100
00000111010001000110101011111010
00111001110100111000101101011100
00110100100110010001000110100011
00100001001110011111101001110100
00010110100011100110100000010110
00101010100001101111101100101010
00000001000101010111101111111100
00111011100011110001100001011011
00111011011011000000100010001110
00111010111000000000111110111101
00111000101101000111101110000101
00110000010010011110101011010010
00010010101000111011011101000100
00101111111100010010000010001010
00010001100001010000011101001000
00110001010011001111001100011100
00010101111100111110010010001001
00101011011011011110110000001010
00000011101011110110111010001100
00111011001001001100000000001100
00111001110001000111101100011001
00110100010111101010000110000110
00100000011011000001101111110101
00011000010101000000101000100110
00100111101111011001000101000100
00000110100110111110001010100010
00111010001000100011111111111010
00110101110010110100100001001011
00100101011111110000100011100001
00001100011011001100110011101010
00110110011010110101111000011010
00100111110001000100100011011001
00000110100010011111100000100110
00111010001010100010100011010001
00110101111010100010010101111000
00100101111011101001001011111101
00001011010100101000010000001111
00110111010011000100101110110011
00101011000000000101001000110000
00000010011100011001001101001001
00111011011001100010010011010010
00111010110010001001010010011011
00111000010101111100100001011010
00101110111010100100101010110001
00001110010000000111100000111010
00110100110010001100110110010000
00100001111000101011001010100100
00010101000100101010110111010011
00101100101100110001101011100001
00000111011100001111011100000011
00111001101111011101100010011000
00110100010001001110100111011100
00100000000100011100111000001100
00011001000101110111110000110010
00100110011110011000011001100110
00001001111011100101000011101001
00111000010010100101100001000111
00101110101101111000000111010100
00001101101000001110101110011100
00110101010111100001000000110011
00100011111101100101000110000010
00010000001101001100011100011100
00110010110010011000010001011000
00011010111100011110100001101100
00100011001111010011000100110100
00010001111011110000110000011011
00110000110011101110011000110111
00010100010101001110111010000111
00101101101110101011100000010011
00001010100100001100111100110101
00110111110110101001100101010110
00101101000100110000100000101010
00001000100100011110100100000100
00111001001000101010000010001110
00110001111011101010000010100101
00011000000011100010111100010000
00101000001011110000010111101011
00000101011010111010101001010011
00111010100111010001100111001001
00110111101011001000001110011001
00101100011001101001001110100110
00000110100011000010101101000011
00111010001010010100000100000011
00110101111001101001101111111001
00100101111000011100010010000010
00001011011100110010000100001011
00110111001100110110111101110100
00101010101001000010010000100000
00000001011010001010100101100001
00111011100010000111001010011001
00111011010100010111100001101100
00111010011101100011101100000101
00110111000100111101000110110110
00101010001011110010010010000010
00000000000110111001111100011111
00111011100110010111110010111000
00111011100101011001010011110001
00111011100001011111011010110100
00111011010001111000101101101111
00111010010011101011100010000101
00110110011110001111100100100010
00100111111101011100100100100101
00000110000001100011111101111001
00111010011000101111000001101100
00110110110010000010001111010101
00101001000110000000000111111101
00000010111100001110110110110100
00111011010100000110010001100000
00111010011100011110110101110011
00110111000000101110010111000010
00101001111100000111100011110101
00000000100101011101010011101001
00111011100101111100000100011111
00111011100011101010011011001101
00111011011010100100001000110001
00111010110110001111100111110000
00111000100110000111011011000000
00101111110111110100011001111101
00010001010010110010110111001001
00110001100100011011010100011011
00010110110101111001011011001000
00101010000110001100110001000010
00000000001001000001111111010111
00111011100110101000011101010100
00111011100110011011111101010010
00111011100101101001111101010101
00111011100010100001111111101101
00111011010110000010101100001110
00111010100100001110001101001000
00110111011111000111010000010010
00101011101100110010100000110010
00000100011110010011100101100110
00111010111011101101001100100000
00111000111011101100111100011010
00110001001010000011000101110100
00010101011110100000101100000011
00101100001000001010000110001100
00000101101110111101011111010010
00111010100000000101001111111000
00110111001110110110011110001011
00101010110000010111111010111110
00000001101111000010101111011100
00111011100000001101111100011001
00111011001100110011010011111100
00111001111111011101111000101001
00110101001111010111010010011101
00100011100000010110110101100000
00010001010011011110001010111111
00110001100011101001011111100000
00010110110011010011100010101010
00101010001010001011001111100111
00000000000010001101001101011100
00111011100110101011100001100110
00111011100110101000001110011001
00111011100110011011000001100110
00111011100101100110001110100101
00111011100010010011000100111101
00111011010101000111000101011010
00111010100000100000110101111001
00110111010000100010110010000000
00101010110110101001010111000110
00000010000001000011100001010111
00111011011101111101101000010101
00111011000011110011001101001111
00111001011011101111110100010101
00110011000101000001001111101110
00011011111100000110011101001000
00100001011010011000110001100000
00010110001001010010001100110110
00101011001001100011111000100100
00000010110111101000110101011101
00111011010101000000111011101010
00111010100000001000010110001110
00110111001111000010100111000010
00101010110001000100110011010000
00000001110001000011001001000100
00111011011111111111101010000011
00111011001011111010010000101111
00111001111011111011010000000001
00110101000001100101101010001111
00100010101111001111000101110000
00010011000111010000011100101000
00101111010110001011000100011001
00001111100111010010011110101101
00110011011011001001110001110010
00011101001000001110100000001100
00011111001000100111011011100101
00011011000101000000000001000000
00100011000000000110110101000110
00010010011111110001110001100001
00110000000111111111101011011000
00010010000110111001001001011000
00110000100110100011110010111110
00010011101010000101111111010000
00101110101000110110100100001011
00001101011000010111011100000000
00110101100110001100111010010011
00100100110010001110011000000011
00001110001100111001010101111000
00110100110101100101011100110011
00100010000100100110010011001101
00010100101001101100111000101110
00101101010010110100011100111001
00001001001110111110100001010010
00111000101111100101011110110001
00110000011011110101001000110000
00010011000111001010001101000000
00101111010110010011000100111110
00001111100111101011111011010111
00110011011010101111000110111001
00011101000110110010011110000000
00011111001011011011010001001010
00011010111111000111111111110100
00100011001010110000111101110010
00010010000110101011101011011100
00110000100110110100001010010011
00010011101010111011010111011011
00101110100111110000001000000011
00001101010100111011000000111010
00110101101001010010011100100000
00100100111101010101001100010011
00001101110001011010011111100101
00110101001111011000010111110010
00100011100000011010100010110110
00010001010011010101110110011000
00110001100011110011111000101101
00010110110011110101110111010001
00101010001001010111011001010110
00000000000000000101110110110110
00111011100110101100011111000101
00111011100110101100000100010110
00111011100110101010011001011000
00111011100110100011101101100011
00111011100110001000111110010000
00111011100100011110000001101101
00111011011101110010011001011111
00111011000011000110011000011110
00111001011000111110001011001001
00110010111010010100110011011000
00011011010111100000000111001101
00100010011110010011101110111100
00010011101110100100011110101001
00101110100010111100000100111001
00001101000101110111111100100101
00110101110110101000010011010101
00100101101101011101000100111100
00001011111000110110000011001110
00110110110111001100011111001011
00101001011000111110111001000101
00000010000111101101100000100100
00111011011101000010101000101101
00111011000000000111110011000100
00111001001101001011001111111000
00110010001100111101111101010001
00011000111101100111010001101101
00100110101100100001010100001010
00001001010111001010001000000000
00111000101010011110111001101000
00110000001000011010011000011101
00010010001000001111010110010101
00110000100100111011000111000000
00010011100100110000100101000001
00101110101111111000000111111101
00001101101110011000000101101110
00110101010010001011110111011111
00100011101010011100000110011000
00010000111011011001110111101011
00110001111111010011100111011110
00011000001111101011110110011001
00100111111000010110101110000000
00000110001111001101101111100000
00111010010011001000111110010111
00110110011100001000010010101110
00100111110101101101111101001100
00000110010110010001001011001101
00111010010000001010010101010000
00110110010000011110101110010110
00100111001011001110101010110011
00001000000110111010110100000001
00111001011001100001001100010010
00110010111100011011101011100010
00011011011110101101000101011000
00100010010001000011011000010111
00010100001101001001001110110110
00101101111001111110001010011101
00001011000110110010010101101111
00110111011101110100010101100101
00101011100111111101101100010001
00000100010000001010010001100000
00111010111111110111001100111101
00111001001100001001100010100100
00110010001001000001101111001110
00011000110000010110000011110101
00100111000010101010000010000001
00001000011101011010101110011011
00111001001101000000101101101001
00110010001100010101100000111011
00011000111011011111000010010101
00100110110000000101011001010010
00001001001101111001011010101001
00111000110000010000011001100100
00110000011110011000100100101101
00010011001111011101100111000110
00101111001011100111010100010110
00001111000101110011000011111011
00110011111101101010001101011010
00011110111111111011110001010111
00011011010111000110100101100110
00100010011111000010100110110111
00010011101100111000000001001110
00101110100101001011100100011110
00001101001100111000010101100101
00110101110000011100101101011101
00100101010111001000101010110111
00001100110001000100001100010111
00110110001000101011110100010110
00100110101110111000000111000111
00001001010001000010010110010100
00111000101110010011110010000010
00110000010110111110000100011011
00010010110111010111110110100010
00101111101010011010101100001111
00010000100111110100110110010000
00110010010101010110001110100100
00011001011001111000010110010111
00100101111100101111111010010011
00001011010010000001000100111010
00110111010101011000011010111100
00101011001000100110010111111100
00000010110100110110101011111010
00111011010101100011000111010110
00111010100010010000011100111100
00110111010111011001000110101111
00101011010000000100010111100001
00000011001010100000001101000011
00111011010001001100101000111101
00111010010000111100001100011111
00110110010011100001101011000000
00100111010110010100110100001110
00000111101001101011101100001001
00111001101000111110101000110011
00110011111000000111000000100010
00011110101100100110001001010011
00011011111111001000101011100000
00100001010100101100011010001101
00010110010110000010001101010011
00101010110110100001110110110001
00000010000000101101110111110001
00111011011110000000101100011110
00111011000011111111011011111011
00111001011100100000010010011001
00110011000111111100000100100110
00011100000110000111000111000011
00100001000111100100010100010010
00010110110011010011000111100011
00101010001010001100101100010001
00000000000010010000110101101000
00111011100110101100011100111110
00111011100110101011111011111011
00111011100110101001110111101111
00111011100110100001100110111100
00111011100110000000100011110111
00111011100011111100011000011110
00111011011011101011111010001100
00111010111010101101110101001011
00111000110111110010010110101010
00110000111011000110000110000100
00010100101101010010111000100111
00101101001101110101011000100110
00001000111111110101011100110000
00111000111000110110011100001110
00110000111111001001111111100010
00010100111010101000101110111000
00101100111011001100110101111100
00001000000111011110011100100000
00111001011001001101110010110000
00110010111011010000111101010111
00011011011010101101101010111101
00100010011000011001110111001011
00010011111100001101100000100000
00101110010000110010000001110111
00001100001101010101001011111100
00110110100110101000011000000010
00101000011100001001000001101111
00000100101110110001001000011001
00111010110110101000101111111000
00111000100111101010100111110100
00101111111101101101000111010010
00010001100101101101101111110101
00110001001110010011010100000100
00010101101100100011000001011101
00101011110011110101100011010100
00000100110010111111100011110011
00111010110101010010010010110111
00111000100010010101001110100010
00101111101001011100110111111011
00010000100100101111001001100111
00110010011000110010011100001001
00011001100101100000100101011010
00100101101000110110100011101010
00001100000100011110101011011101
00110110101101110101111000001011
00101000110110100101111001001101
00000011100110100111011100100110
00111011001010110100000100011010
00111001110111100100011111010101
00110100110000101010011101001000
00100001110011001010001010001010
00010101010001011010110110111001
00101100011010111100101101011111
00000110100110110010010001000000
00111010001000111110110110101010
00110101110100011100001110111110
00100101100101100011000001100011
00001100001100110100100111011010
00110110100111000011000011010011
00101000011101101010110010001110
00000100101010100111110000001010
00111010110111111100011011000001
00111000101100110101001010001101
00110000010001010101111100101011
00010010100101001000001101011010
00110000000001010101110010001010
00010001110001011011000111001111
00110001000000011010001010100000
00010100111110110000010110000010
00101100110101011010010000000111
00000111110110000010010010011100
00111001100010100011100100011011
00110011011111010010010011101101
00011101010110011111111100001100
00011110101100100111001000010000
00011011111111000110101001110011
00100001010100110000001101110010
00010110010101111001101100100100
00101010110110101110100111100101
00000010000001010010100100110010
00111011011101111011101110101110
00111011000011101011100111110101
00111001011011010001110000010110
00110011000011001101010111111110
00011011110101111001010110000001
00100001100110000000001010000011
00010101101111001010111010001001
00101011110000000000111000010100
00000100100111110000101101001011
00111010111000110101011101101111
00111000110000010110100011110001
00110000011110110000000010000111
00010011010000101001111011100111
00101111001010000100101110000010
00001111000000111010111100101011
00110100000010100101011111100001
00011111010001001000000010101110
00011010110011001011110001010001
00100011100000010100010100101101
00010001010011100100110000110000
00110001100011100010101100100100
00010110110010111100101001101101
00101010001010101111000100001010
00000000000011110010000110010101
00111011100110101100001001010000
00111011100110101010101101000000
00111011100110100100111100000010
00111011100110001101111000001101
00111011100100110001101001010100
00111011011111000000110101001011
00111011000111111111011011100001
00111001101100010111011110111001
00110100000101001110001100000011
00011111011010010101011011001001
00011010011111110100001101001010
00100100000010111101000101111110
00010000000000011010100111010010
00110011000000011111101010111001
00011011101100100110011111101001
00100001110111010100101101010001
00010101000111111101101011100010
00101100101000011001101000011111
00000111001110111110110010010111
00111001110110010100001011101111
00110100101011110010101001000010
00100001100001111010111010110111
00010101111000010111010010110011
00101011100010100011101111001111
00000100000000010110011100011101
00111011000100001111100100101000
00111001011101100000001111110000
00110011001011110010101011000010
00011100010011010101101010100010
00100000101110100010010011100010
00010111101010100110100110111110
00101000110011111101111110111111
00000011101101110011100011101001
00111011001001000011000100100100
00111001110000100011111010000111
00110100010101011110000011000101
00100000010011010000101110111101
00011000100110000111011010010110
00100111010011100110000101110110
00000111110000111000110100111011
00111001100101010000000111011010
00110011101001101100110101001001
00011101111010100010101001110010
00011101100100111011111001010011
00011110010000000100001011010010
00011100111001011110111010011111
00011111100101010100110000010011
00011010001000100101100010100101
00100100101011111110100100000011
00001110011100010011000101101011
00110100100110110010001010000111
00100001010000001110101010101101
00010110100000000000100010101010
00101010100111100001010101100011
00000001010101101011001101110101
00111011100010110110010100111010
00111011010111010011111011011110
00111010101001010001110010010001
00110111110010111111110110000110
00101100110111000010010010011110
00000111111010111011011001101101
00111001011111111101111011111001
00110011010101010010111100110011
00011100110100000010000101000001
00011111101111111000010000110100
00011001110010001010000011100000
00100101010011000011010010010101
00001100111011010010111111110001
00110101111111110111010011001010
00100110001110110111110101011001
00001010100011101100000010111101
00110111110111010101001100011111
00101101000111010001011100011110
00001000101011111100101000001000
00111001000100101001101101010100
00110001101100010010000011100101
00010111010000000011011011000100
00101001011101110000111100001000
00000001111010011010101001010011
00111011011110110101110010010011
00111011000111010011010101110011
00111001101001101000100011111000
00110011111010101001001100000010
00011110110101011010111110001001
00011011101100111010100000100111
00100001110110101111100000000111
00010101001001010010001110010000
00101100100110100001101110010011
00000111001001010111110000100011
00111001111001000001011011001110
00110100110110010011011100000111
00100010000111001001010110111101
00010100100011110111111011001100
00101101011010111000010100101001
00001001100111100000101100110110
00111000100000000100011001110010
00101111100000110111100100011001
00010000001001010101001011001010
00110010110110111000000111101100
00011011001011101110100001101101
00100010110011110111000110101010
00010010111100011101101111100100
00101111100011111101001111000110
00010000010011001011110001011011
00110010101100001001100101111110
00011010100111001011010010000000
00100011110101110101100111001100
00010000100000000011100011110011
00110010011101111110111011011010
00011001110111000101110001110110
00100101001010100000001010101111
00001101010000101001111111000010
00110101101101000110001001101011
00100101001011000011000000100110
00001101001111010011000101000010
00110101101110010011011011001111
00100101001111011001100011110011
00001101000100011011100100011010
00110101110111111001011001001001
00100101110010000010001100101001
00001011101101001111100011001100
00110111000000011000010101110001
00101001111010110110000011011010
00000000101001000011011001011101
00111011100101110100000100101101
00111011100011001010011100100000
00111011011000100100010100110101
00111010101110010010001000000110
00111000000110101101011010110110
00101110000001000011001111100101
00001011011100100111110100011011
00110111001101010010110001110011
00101010101010100110010110011011
00000001011110011110111111101111
00111011100010000001000100110010
00111011010011111111001010001011
00111010011100000010100000100000
00110110111110111111001011101110
00101001110101101101000000010111
00000000110111100000001011010001
00111011100101000101010000100010
00111011100000001111001111110000
00111011001100111000100000101000
00111001111111110010100001100011
00110101010000100111100100000101
00100011100100110101100000111000
00010001001000110011000001100011
00110001101111111111110101111111
00010111011100011100110110100110
00101001001010010101110000111001
00000010110000010001010101100101
00111011010110011010000010100110
00111010100101101011001100010010
00110111100100110100110000100001
00101100000010000100011110011010
00000101011100111100100000010001
00111010100110110110111100001100
00110111101001011110101000101000
00101100010011011100001010011011
00000110010000011011100111110001
00111010010010101000010100101111
00110110011010001000100011110110
00100111101110011011011011111000
00000110101001101110101010110010
00111010000111101011000010100011
00110101101111010101010001011000
00100101010011000110111111011001
00001100111011001001101110011001
00110101111111111111010101110110
00100110001111010100111110100010
00001010100010100001010001000011
00110111111000001010001000011011
00101101001010010111111011010101
00001000110101010101110111000000
00111000111111001000010000011011
00110001010111001001010101001010
00010110001001110011011000111000
00101011001000110010101011000100
00000010110101011010010010011101
00111011010101011100010110100101
00111010100001110101100001101100
00110111010101101111010101110000
00101011001001111011011111000110
00000010111000101101000111100100
00111011010100110011111000100101
00111010011111010100011001011001
00110111001011110110101010110010
00101010100101010001001010010010
00000001001111001111000010101001
00111011100011011001111101101011
00111011011001100010010101111101
00111010110010001001010011110011
00111000010101111100000001111010
00101110111010100000100011111100
00001110001111110010100011101010
00110100110010110100110001111111
00100001111010110100000101011001
00010101000000000001100111111110
00101100110011100111110000011011
00000111110000101001111001110010
00111001100101010111111000111100
00110011101010001010110111110001
00011101111100001010110010100110
00011101100001101010101111101111
00011110010110100010111101001011
00011100101100010011011101001011
00011111111110110010101010100011
00011001010010010001001010011100
00100110001001101100100011001111
00001010110000111101001000011110
00110111101101110101101100111110
00101100100011101110111110011010
00000111000001000000111111100011
00111001111100111111100011001101
00110101000101101111001111100001
00100010111110000000101100100111
00010010100100101100110010001101
00110000000001110111111110010011
00010001110011001001010011011100
00110000111110010110101001001001
00010100110111111111111100011010
00101100111110111001100010000010
00001000010010101000011111010110
00111001010011000100101010110101
00110010100011101000000011010011
00011010001010001101111011100000
00100100101001000111011001000111
00001110100011010101110010010101
00110100011111111011101011011110
00100000111000000100010001001001
00010111010101100111111010011001
00101001010101000011101001111001
00000010010010100110110101111110
00111011011011011011011010110110
00111010111001101100000100000101
00111000110011101110010110101101
00110000101011100110010101100100
00010011111010100010110011111010
00101110010011000000101101111100
00001100010100010000010110000111
00110110100000111011101100011000
00101000000111010001110001111100
00000101100111001010001100111100
00111010100011000100010000010010
00110111011010100100100111100110
00101011011011111000110111010010
00000011101100111000101001010011
00111011001001010001101110111010
00111001110001011110000110011010
00110100011000111111101000101110
00100000011111101001011101001011
00011000001011001011111001010011
00100111111111101010100011110000
00000101111011100111110110100000
00111010011011001000111110110110
00110110111011011101100111000101
00101001101000101101000100111001
00000001011011111010011000000111
00111011100010010001001010011000
00111011010100111111011011101001
00111010100000000010010111110111
00110111001110101011001001100010
00101010101111101101110100100110
00000001101101001001100000001111
00111011100000011100111000001010
00111011001101101110111100011011
00111010000011001010110100000000
00110101011101110001110000110000
00100100010011111101100000010011
00001111010111001000000001100000
00110011101011111101000100110100
00011110000010010110110100001111
00011101010101001101101111110100
00011110101111001000111110010100
00011011111001111001000010000001
00100001011110100001111000011011
00010101111111111111010001110101
00101011010111010101001111000111
00000011011111100111010001010001
00111011001100011110110011010001
00111001111110001100011001000000
00110101001010011010001000110000
00100011001110101010010100110111
00010001111101011110101111101000
00110000110001111100111110110011
00010100001111010100101001100010
00101101110111000000111101011101
00001010111101101011110000011111
00110111100100100011110000110111
00101100000001000101000110000001
00000101011010000001001111111011
00111010100111111011001010110101
00110111101101101011000001010100
00101100100011000111000010001100
00000110111111001001100100101001
00111001111101110111101010001110
00110101001001001001011111001100
00100011001010001010101001011100
00010010001000000110001100001111
00110000100101000110010000000000
00010011100101010100111001011100
00101110101111001000011001111000
00001101101100000010011001101001
00110101010100010101100011011011
00100011110010001000100110010110
00010000101000111101001011011010
00110010010100000101100000000000
00011001010101100111101101111111
00100110000100000000000110010110
00001010111111100001001001101001
00110111100011001101010001101100
00101011111100000010100111100001
00000101001011001001100001111001
00111010101101001101000011110011
00111000000010011101010001101000
00101101110001000011001100010011
00001010101011010110000001110000
00110111110001111000000100100110
00101100110010110101100100111101
00000111101110010011000010011110
00111001100110100110010001010011
00110011101110111001110100001100
00011110001100100101110001111011
00011101000000100001111111111000
00011111010111101000010010100010
00011010100101100000111011010001
00100011111000110011011101011111
00010000011000111010101000010001
00110010100101110111001100111001
00011010010001110011110001101100
00100100011011110000100010001000
00001111000100000101111011001111
00110011111111011000101000101001
00011111000101111100111100101010
00011011001010100100000101100100
00100010110101111110110110101011
00010010110111100000011101111111
00101111101010001111110010000011
00010000100111010001111101000100
00110010010101111101001001000100
00011001011011111011110011100110
00100101111001001111101001110101
00001011011010111011110010010110
00110111001110100101101011001001
00101010101111011001100001111110
00000001101100001111010011001101
00111011100000100011100000101101
00111011001110001001011011111001
00111010000100110100000101110111
00110101100100001011111110110011
00100100101010111110101111110111
00001110011110110000001010111100
00110100100100011001101101100110
00100001000111110100101011001001
00010110110010101110110000101111
00101010001011000100010100000001
00000000000100101110001110101111
00111011100110101011111000000101
00111011100110101001101000010111
00111011100110100000101001011110
00111011100101111100101101111111
00111011100011101101000001001001
00111011011010101110011111110100
00111010110110111000111011000001
00111000101000101010100000010111
00110000000001011111111000101010
00010001110001111011101010101111
00110000111111110011010101000000
00010100111100110000101000101000
00101100111000001101111011100100
00000111111110011111001010110110
00111001011110000100011100001011
00110011001101111110010000001100
00011100011010110101010001011001
00100000100000010001011111011001
00011000001001110100100101001000
00101000000001111000001001101100
00000101110101101011101001101101
00111010011101011111001001000011
00110111000100101010100010010100
00101010001010101010110101010011
00000000000011100110000111110110
00111011100110101100001100001101
00111011100110101010111000110111
00111011100110100101101011011111
00111011100110010000110101111101
00111011100100111101100000010001
00111011011111110000001111100010
00111011001010111100101101101100
00111001111000000110110100010100
00110100110010101111110001101001
00100001111010100010010110011101
00010101000000101001111111001100
00101100110010101110110111000000
00000111101101111110110110000000
00111001100110110000101110111111
00110011101111100010010001000010
00011110001110110010001110100101
00011100111100000101001110010011
00011111100000010010000000000000
00011010010011010000110001001111
00100100011001001100011110000001
00001111001010010110110110001011
00110011111001000010000001001000
00011110101111110011100110111001
00011011111000100001000100110110
00100001100001000110100001110010
00010101111010001101001010010100
00101011011111110110100011001000
00000011111000011100101001010101
00111011000110010101011011111101
00111001100101110011000000111101
00110011101011110011101100110011
00011110000001110110010011000010
00011101010110001111010010011001
00011110101101000111111011011100
00011011111110000011000100110100
00100001010110101111000110001100
00010110010001011101110100000001
00101010111101010111100110100001
00000010010100011010010010100000
00111011011011001001100100000001
00111010111000100100110110011111
00111000101111010100111010000101
00110000011010110110000001000001
00010011000011111101000001010001
00101111011010011010000001010011
00001111110100101111111100010100
00110011001100111101001010010011
00011100010111010101100100100110
00100000100110111011101101111010
00010111111011010001010110100101
00101000011001010110011111000000
00000100110110010101011010010000
00111010110100001101000101001001
00111000011110000011111111101011
00101111011001010000110100001111
00001111110001000111000100001011
00110011010000110100000001001111
00011100100100100110010011110111
00100000001101100110001110011110
00011000110010011000001000101110
00100110111111010001110010111101
00001000100110010000111000101011
00111001000111111100101010110010
00110001111000111010011010100110
00010111111010010000011101111100
00101000011010111110101000011111
00000100110001111010111110110111
00111010110101101000010101001110
00111000100011101100001111001001
00101111101110100111000011110000
00010000110101001111110101011111
00110010000110010001111110101111
00011000100111000110111001111001
00100111010001111101010000100001
00000111110101001101010000111111
00111001100010111111011101010101
00110011100000111110000000011110
00011101011100010100001011001100
00011110100001001000110010010001
00011100010110101011000001000001
00100000101000001100101101010110
00010111111000100000000100001010
00101000011101110010111000111100
00000100101010010001101111100011
00111010111000000011010011110110
00111000101101010000010111111001
00110000010010111101100000010111
00010010101010010111110000110101
00101111111010110010011101100110
00010001011100010101001111000110
00110001011001010101001100111010
00010110010001000010111000110001
00101010111101111111110101111001
00000010010110001110010011111101
00111011011010110111011001011011
00111010110111011100011010010100
00111000101010110110101100010101
00110000001001110100110111000100
00010010001100110011101010100011
00110000011111010110110001110010
00010011010010100111111111111010
00101111000111100001101001001010
00001110111000110111000101010001
00110100001010101011000110010010
00011111101101011001111010001101
00011001110111011011001110111110
00100101001001111010111011011100
00001101010010000110110110010100
00110101101011110011011100010110
00100101000110011000111110101101
00001101011010111001110100011011
00110101100011111011000000111000
00100100101010000001110000011100
00001110100001000110001111010000
00110100100010000111101100100110
00100000111111110001101110110000
00010111000100100101001101000001
00101001101111100110001001110011
00000001001000101000010110011100
00111011100011111011100111100110
00111011011011101000110110110110
00111010111010100001101010000000
00111000110111000010001110000010
00110000111000001110011001110011
00010100100011111000000100001111
00101101011010111000001000001011
00001001100111100000000110110101
00111000100000000100110010010101
00101111100000111001000001011101
00010000001001011001110011111001
00110010110110110011000110001010
00011011001011011101011000010110
00100010110100010110011000011000
00010010111011010100101010111001
00101111100101011010000110000010
00010000010111110100001110101111
00110010100111000100100101110011
00011010010101111010100100101001
00100100010100100000100001100111
00001111010101110010101011000110
00110011101101010101000000000110
00011110000111000111110111010010
00011101001011100110000101101011
00011111000010000001101110110111
00011011010010101111110000101100
00100010100111000001111100010010
00010011011010010110100001010111
00101110111101011111011011100111
00001110011001001011110010000101
00110100101001110010111111111110
00100001011010110111110001000001
00010110001000001100110010111000
00101011001011001011000111000011
00000010111100010011110001010001
00111011010100000110110001101100
00111010011100100000110101000001
00110111000000110110000110010101
00101001111100100011111010011000
00000000100100001110001111110101
00111011100110000000100110010100
00111011100011111100100010010001
00111011011011101100100001011000
00111010111010110000010001011100
00111000110111111100000000100001
00110000111011101010111100001110
00010100101111001011110111100101
00101101001011001101001000101111
00001000110111110111001001100010
00111000111101101000011011100011
00110001010001011010111100000101
00010101110110110110110001101111
00101011100100110001011000101010
00000100000110110100011111011010
00111011000010011110110111101111
00111001010110100001100111011100
00110010110000111010000010011110
00011010110111010111101011110010
00100011011000110001111001000011
00010001100101100000010110000111
00110001001110100011001000011011
00010101101101010111010001101111
00101011110010101001011100101000
00000100101111011111110110110101
00111010110110011001111001010110
00111000100110101111111101101100
00101111111010001110010000101000
00010001011010100000110100111100
00110001011011011101010110101010
00010110011000000110010111101010
00101010110011011011100010010100
00000001110111110011111000000100
00111011011111001010111101110001
00111011001000100111111000101110
00111001101110111000000001001110
00110100001110111011111100111101
00011111111100010101101111011011
00011001010111100001110000001111
00100110000000110000011110000010
00001011000111110011001001110010
00110111011101000011111111110010
00101011100101001001110001100110
00000100000111111011110100010000
00111011000010001011001011000100
00111001010101010011100100110100
00110010101100001101101110001100
00011010100111011001010100110101
00100011110101011100100001110111
00010000100000111111111000101110
00110010011100111100000110000101
00011001110011100011011101011001
00100101010000101000100001011101
00001101000001010110001011001001
00110101111010100110001100110111
00100101111011110011001101011001
00001011010100011011101000110001
00110111010011100011001101011001
00101011000001110011001110110101
00000010100001001100101000011000
00111011011001000100101110100000
00111010110000010011010000100100
00111000001110101010011100101000
00101110011111000001111011000100
00001100111001101011000100011001
00110110000001010001010111011101
00100110010011111110010001111100
00001010010110100101100110011010
00111000000000100001011110111111
00101101101001110001110001111000
00001010010101000010010111010101
00111000000001100110010110011000
00101101101101110100101010001100
00001010100001011100000010111011
00110111111000111011000011010010
00101101001101001111011000111001
00001000111110000010001010101101
00111000111001111011111100001010
00110001000011010011010111000001
00010101001000010001101100001010
00101100100111111101010000110101
00000111001101101001110100100111
00111001110110111101010111110101
00110100101110010010100011101000
00100001101010110000100001011101
00010101100100011011111110011010
00101011111111100111000100111010
00000101010101101011100110011101
00111010101001011111010001101010
00110111110011110100111100001100
00101100111010001001000111111111
00001000000100010010010100100110
00111001011010111100101000111100
00110011000001111100000000001000
00011011110001100010100111110110
00100001101110001000010011001000
00010101011100110100000100000011
00101100001010100111011000000011
00000101110110001111000001100010
00111010011101010001010001010110
00110111000011110100000111110001
00101010000111100001101111110010
00000000000101010010100100100110
00111011100110101011101011111000
00111011100110101000110111100001
00111011100110011101100110001000
00111011100101110000100000101000
00111011100010111100001100011011
00111011010111101011011000000001
00111010101010101111001100100000
00110111111000101111100010101001
00101101001100100100001110000100
00001000111011111111001101110110
00111000111011001010100111110001
00110001000111111111111000011101
00010101010111101111101100000101
00101100010001111001011100110110
00000110001011110110001101101001
00111010010100100010110100001101
00110110100001100111110110100101
00101000001001110011010110011000
00000101100000010111000010111100
00111010100101100110100101011111
00110111100100100010101001011100
00101100000001000000111011101100
00000101011001110100111101001100
00111010100111111111101000001100
00110111101101111100100100000000
00101100100100001000100111111110
00000111000010001101101100100101
00111001111100011011011000110100
00110101000011100010100111001010
00100010110110001011110100101001
00010010110111000010001001001011
00101111101010110110001010111101
00010000101001001100110000000100
00110010010011110100000110111010
00011001010100101100111111110100
00100110000101100011111010111010
00001010111011100010000101111000
00110111100110001000111001011111
00101100000110111110010101111010
00000101101011011100110001101011
00111010100001011100001110110001
00110111010100001011111111010100
00101011000100001010100110011010
00000010101000000001111001111101
00111011010111111001001111111010
00111010101011100110011110001110
00110111111100001001001100101011
00101101011001010100111011010101
00001001100010110001110100001110
00111000100011000111001000101110
00101111101100011010010000010011
00010000101110001101000000010011
00110010001110001101100100000010
00011001000001110011100001011111
00100110100101011111010110101000
00001001101001011000111011110110
00111000011110110110101011110001
00101111011100010000111011100000
00001111111010101010011001111010
00110011000110101010000101001110
00011100000001101101110111011111
00100001001111110101111100001110
00010110100000110111101101110110
00101010100110001110000000000000
00000001010001111100111011011101
00111011100011001011010001001100
00111011011000100111100111011010
00111010101110011111001111010001
00111000000111100001000110000001
00101110000100000101110100111011
00001011100110000001000001100010
00110111000110000001111101110011
00101010001111101110000001100010
00000000010001111001100010000000
00111011100110100001110111111111
00111011100110000001101000000001
00111011100100000000101001000010
00111011011011111100111011101011
00111010111011110001101110101001
00111000111011111110110110100011
00110001001011000111011011110100
00010101100010000001111000100010
00101100000011000101111011011110
00000101011111111101111101000001
00111010100101101111110110100000
00110111100101000111000101000101
00101100000011001000110011110000
00000101100000000110011101110011
00111010100101101100101101011010
00110111100100111010101110011001
00101100000010011010101110101100
00000101011101111110010001001110
00111010100110011110110101111000
00110111100111111111110110111100
00101100001101111010010010111101
00000110000000000000100010100101
00111010011001011000100110101101
00110110110100100101000110111010
00101001001111010110110111110110
00000010100010011001011111011110
00111011011000110111101011111100
00111010101111011111010010010110
00111000001011011101100010110101
00101110010010111101000100100101
00001100010100000101000001000110
00110110100001000101000011100011
00101000000111110100000010000011
00000101100101101101111111001101
00111010100011100110111010011101
00110111011100101100110011100110
00101011100011110011011110100000
00000100000011111111011111000111
00111011000011010000011111000011
00111001011001100110001101011000
00110010111100101111000000011010
00011011011111101111001010001100
00100010001111001001011111100011
00010100010001100001011001101010
00101101110100000001100111110110
00001010110100011111001100110000
00110111101011010001111101111111
00101100011010001010111110111100
00000110100100011110000011000000
00111010001010000000011000011111
00110101111000011011111100011101
00100101110011111111001000000010
00001011101000010010101010110000
00110111000100010000011110001101
00101010001001001010100000100001
00000000000000101010011000001001
00111011100110101100100111000010
00111011100110101100100100001010
00111011100110101100011000101001
00111011100110101011101010100110
00111011100110101000110010011000
00111011100110011101010001100100
00111011100101101111001110011000
00111011100010110111000011011111
00111011010111010110110101100011
00111010101001011101010111100111
00110111110011101101011011110100
00101100111001101101000000110110
00001000000010111101100110110111
00111001011011101010011100010100
00110011000100101100100001001100
00011011111010111111010111111011
00100001011100011110000111010111
00010110000100100111001010011111
00101011010000011111101011011101
00000011001011101111011110111011
00111011010000111011110000010001
00111010001111111001000010010001
00110110001111011011000111000010
00100111000111011000100000110010
00001000010001000001011101110111
00111001010011111101111001111100
00110010100111000100001010011100
00011010010101111001000111101110
00100100010100100011000101111001
00001111010101101100011010101101
00110011101101011011011100010001
00011110000111011110001101101000
00011101001010111000111011000110
00011111000011011010001010011110
00011011001111110111100010011100
00100010101100010011000101011101
00010011001110000110100010000000
00101111001101010111101100110100
00001111001011010111000000000001
00110011111000000000101101010100
00011110101100010000001101100001
00011011111111110101110111000100
00100001010011010111100010010111
00010110011000111111111100101101
00101010110010000101000010111000
00000001110011111011011111011011
00111011011111101001101010100010
00111011001010100010011100101111
00111001110110011110100001110010
00110100101100011010110011010001
00100001100100001000111010111101
00010101110011010111100110100010
00101011101001111000010101010001
00000100010101110001011011111111
00111010111110001111101001011011
00111001000101101111100111111011
00110001110000011101111000001110
00010111011110000001001000101111
00101001000111110111111001101110
00000010110111000101001100100010
00111011010101000111111011000100
00111010100000100100001011100000
00110111010000101111111000011010
00101010110111011001111011000011
00000010000011001111001000011000
00111011011101101010101101110111
00111011000010100111101110100110
00111001010111000100101101010111
00110010110011000001000111010001
00011010111110100011111111110001
00100011001011110010010000110101
00010010000100010001101000000001
00110000101001101111010000110001
00010011110100011101111010101000
00101110011011000111001110000100
00001100101101011101100000010000
00110110001011110001000001101100
00100110111010000100111000101000
00001000110011110111000010010110
00111001000000000000011001001111
00110001011010100000000010110001
00010110010100111011000001100100
00101010111000001100100011011101
00000010000101100000110011010011
00111011011101010110011111110011
00111011000001010111000010110011
00111001010010000101000100111100
00110010011111110011100011111001
00011001111101010000111010010110
00100100111111110001001000111111
00001101101011010111100101111001
00110101010100111100110111001011
00100011110100010101010000110001
00010000100011101011001110110100
00110010011001111101111100100000
00011001101001011111111100101110
00100101100001111111100011001010
00001100010101110001111110011000
00110110011111101010111010111001
00101000000010101010010101010010
00000101110011100100110101000001
00111010011110010011110100100010
00110111000111111001001110111000
00101010010110100111000110110111
00000000100101011101100111101111
00111011100101111101100010000100
00111011100011110000010001011011
00111011011010111011100000010101
00111010110111101100110010101101
00111000101011110111011010001000
00110000001101101011000000101000
00010010011001001111100110011011
00110000010000000101011100001111
00010010100001000011011101111100
00110000000110011010010101111110
00010010000001110001111010010110
00110000101100110000101100100101
00010011111110010101110010010001
00101110001101111011100000100111
00001100000100011110110011110001
00110110101101110101110001011100
00101000110110100101100000100000
00000011100110101000100000010110
00111011001010110011110100000010
00111001110111100011011110010010
00110100110000100110100000011111
00100001110010111100001011101010
00010101010001111010100011101111
00101100011010001111011100101011
00000110100100101011010110100100
00111010001001111010100000111101
00110101111000000101000010110100
00100101110010101100010100100110
00001011101011100100101110101101
00110111000001101100001010110010
00101001111111101011100011011110
00000000011011011011111011110101
00111011100110010011010111011100
00111011100101000111100110000110
00111011100000011000100101110000
00111011001101011101110100100110
00111010000010000110110001100001
00110101011001101000101111101100
00100100000101000111001100111001
00001111111011001100010111110001
00110011000110000101110010101000
00011011111111110001011010101111
00100001010011011111111000100100
00010110011000101101010010110001
00101010110010100001000100101101
00000001110101001011111110000101
00111011011111011111110101000001
00111011001001111011001011011001
00111001110100000010100111011001
00110100100010111101101100101000
00100001000010110000001000010100
00010110111101111111010010110100
00101001111001110001111100001101
00000000101100000010111110001100
00111011100101101011100001101011
00111011100010101000010000111010
00111011010110011011101111001101
00111010100101110001111100111001
00110111100101001111010101011111
00101100000011100111100110101101
00000101100001100001100000100100
00111010100101001011000001110010
00110111100010110110010011011100
00101011111010101100111110110110
00000101000111001101000101001111
00111010101110100100001100100010
00111000000111110100101000010111
00101110000101001111011001111010
00001011101001100100100001001111
00110111000011010000100010010101
00101010000101011110010001011000
00000000001011000110000010100100
00111011100110101000011111101010
00111011100110011100000110101001
00111011100101101010100010101110
00111011100010100100010101001011
00111011010110001100000001010110
00111010100100110011010110101101
00110111100001011001001111011110
00101011110101010010001010010100
00000100110111001111111001111000
00111010110011111010000001001001
00111000011100111000110000011100
00101111010100110011101111010011
00001111100010111101000000110011
00110011011111101100000000111101
00011101010111111000110001011011
00011110101001111000000101100111
00011100000100101110111111101100
00100001001010001010011001000000
00010110101101100001110010011110
00101010010011000000101101110111
00000000011011001111001110001000
00111011100110010011101110110001
00111011100101001001000011011000
00111011100000011110011010110000
00111011001101110101000110001011
00111010000011100011010000101101
00110101011111010001000000100101
00100100011001010011010100110011
00001111001010000110000110100000
00110011111001010011000011011001
00011110110000101110111011101111
00011011110110100110101000100110
00100001100100101011100001000111
00010101110010001001101010100011
00101011101011101010010100001111
00000100011010111111011110000111
00111010111100101101011100001101
00111000111111101011000010101111
00110001011001001110010111110110
00010110010000101100001111111100
00101010111110100001101010100100
00000010010111101111110110100101
00111011011010100111111101000101
00111010110110011110110101011000
00111000100111000011011101110110
00101111111011011000010110001110
00010001011110001111000100110110
00110001010111000110011101011010
00010110001001101001111000001100
00101011001001000000110011111100
00000010110110000011001110000101
00111011010101010100100011011001
00111010100001010110011101111111
00110111010011110101010110111110
00101011000010110110100110001101
00000010100100001111001100001011
00111011011000100011100001111101
00111010101110001110111101010101
00111000000110100000111011110001
00101110000000010100001111000011
00001011011010010110101010111001
00110111001111000010000111000100
00101010110001000010111011100000
00000001110000111101101101000101
00111011100000000000011100001010
00111011001011111101011000110011
00111001111100000111101010011110
00110101000010010101111010101100
00100010110001111010110011001100
00010011000001000000000000000110
00101111011110001011100001011011
00010000000000110000110101010011
00110011000000000111110011001001
00011011101011010100110010010110
00100001111001101100100001100000
00010101000010100100011110010100
00101100110000000010000010001011
00000111100101110111100101000000
00111001101010111011011111100100
00110011111111101010000110011001
00011111000110111001111000101011
00011011001000100100111001110011
00100010111001100110100101001001
00010010101111000010001011101011
00101111110100111011111111101110
00010001001001100010001100000100
00110001101111001001100101010011
00010111011001100111101101111110
00101001001110110010011110110001
00000010100011111110001100101010
00111011011000100110011101000110
00111010101110011010100111000110
00111000000111001110110110110011
00101110000011000001001001010111
00001011100010101100110000000011
00110111001000100110110000100000
00101010011001001111100010001101
00000000101100111100100100100001
00111011100101101000110101101011
00111011100010011101100001000111
00111011010101110000110011000001
00111010100011000110111011111101
00110111011010101111001010000110
00101011011100100000000011101110
00000011101110101010111010000010
00111011001000110101001111101001
00111001101111101101000010000001
00110100010010001001010111010101
00100000000111100110000111110111
00011000111111010101010000100101
00100110101001101000111110001000
00001001011110101000100011100010
00111000100101110000011100100000
00101111110110011101000000001100
00010001001110011001100111111000
00110001101001100010010111111110
00010111000110111001110100011011
00101001101011111111110111101001
00000001010010101101000001101100
00111011100011000111000111011101
00111011011000010111000001011101
00111010101101011101000111010011
00111000000011011100100001110110
00101101110100110001000110011010
00001010110110110001001011110110
00110111101001100111110010100011
00101100010011111110010110100111
00000110010010000001010010010001
00111010010001111101100011010110
00110110010111100001010000100101
00100111100100111000110011010010
00000111000011000111100001011010
00111001111100000000000011111110
00110101000001111000010111000010
00100010110000010001100110110111
00010011000100110101011011110111
00101111011001010001110100111010
00001111110001001010010001111000
00110011010000110000100111100101
00011100100100011010100111000110
00100000001101111100101010001000
00011000110001100111101000111100
00100111000000100010011100101010
00001000100010111101110011101101
00111001001001110110000110000000
00110010000000001100000001101000
00011000010010101001000111000111
00100111110011100010011111000110
00000110011100000101111001100011
00111010001101101010011010011001
00110110000110101101110001000000
00100110100111101110010010111001
00001001100011100110101000001100
00111000100010100101010010100100
00101111101010011001110100100010
00010000100111110010000100000101
00110010010101011001010101010101
00011001011010000010110101101101
00100101111100011110000001101011
00001011010010101110100111110010
00110111010100110101111011000010
00101011000110100110010001101101
00000010101111000100000001000011
00111011010110101000010010000111
00111010100110100011111010111001
00110111101000010011110101000110
00101100001111000100110110011100
00000110000011011101110100010000
00111010010111111111000110101010
00110110101111000110011011010101
00101000111011001101101110000110
00000011011001111011101100010101
00111011001101110010111101111110
00111010000011011010110011011101
00110101011110110000000011111000
00100100010111011101000100000100
00001111001110100110110101011100
00110011110100101100101010100101
00011110100000101110011001100001
00011100010111100001000011010000
00100000100110100101110111011010
00010111111100000001001010101011
00101000011000001001101100010110
00000100111001100101100010100000
00111010110011001000111111111001
00111000011001110111010011110100
00101111001001010111001100010101
00001110111110101010111000110101
00110100000100110110011110100011
00011111011001000010100011100101
00011010100010100010110101011011
00100011111110000110010100011101
00010000001100001001100101110000
00110010110011110100010111100101
00011011000001010010101111100100
00100011000110110101101001010100
00010010001111111100011001000010
00110000011011100001010010000111
00010011000110001001101000000110
00101111010111100101111111100001
00001111101011110011011001001111
00110011010110011010011111010110
00011100110111111000100100010001
00011111101000011011001001110100
00011010000010000000101101011011
00100100110111011111001011011111
00001101111111111001000100011111
00110101000001111001000110011010
00100010110000010100001111011011
00010011000100101111010010101100
00101111011001011001101100001101
00001111110001100011010010101100
00110011010000010110001001010011
00011100100010111111100010111010
00100000010000101011001011110000
00011000101011101110000011000001
00100111001010010101000101001101
00001000001001010010001011110000
00111001011000001110101000111011
00110010110111011101101111110011
00011011001101101110111101010010
00100010110000001100101011100100
00010011000101000000111011001110
00101111011001000011000111011111
00001111110000011011011111101001
00110011010001100010000110111000
00011100100111000100111000010000
00100000001000110101111110100001
00011000111100101001000101100001
00100110101110001001011101110100
00001001010010111011100100110011
00111000101101001000010001110000
00110000010010011110101100101000
00010010101000110011111010101101
00101111111100101111011011010011
00010001100010100111001101111101
00110001010001111101010101011001
00010101111000101000100001010000
00101011100010001010011100010000
00000011111111001100100010001111
00111011000100100011011001010001
00111001011110101110110100101010
00110011010000100001101110011110
00011100100011100111011000011001
00100000001111011110110110110010
00011000101110010011001111110000
00100111000110000011001101100111
00001000010100100001010100010011
00111001010010000001010100011111
00110010011111100101000111100100
00011001111100011111111110000100
00100101000001000110011000000011
00001101101000000011111010010110
00110101010111111110110010110110
00100011111111001011100110101000
00010000001001100010010011011100
00110010110110101001111001001000
00011011001010111101111110000100
00100010110101001111101010100000
00010010111001001110110010111010
00101111101000000011111111011001
00010000100000010011000000001101
00110010011101101101110100110000
00011001110110001011110110100100
00100101001100000100101010111010
00001101001100101111001111100111
00110101110000100100110001000000
00100101010111100101101110101111
00001100101111111011010100101010
00110110001001101010001101001110
00100110110010011010110011001101
00001001000111110100101100100111
00111000110011111111100110101101
00110000101100101000000110100100
00010011111101111001101100101111
00101110001110100001001001101010
00001100000110010011100100011101
00110110101100010111000101011000
00101000110001001001111000111110
00000011110101100000100010101000
00111011000111000110001001101100
00111001101000110100001111010011
00110011110111011110110010010100
00011110101010011010001000010001
00011100000011101000111101001101
00100001001100001110010011011111
00010110101000111100000110101111
00101010011001111111100111111000
00000000101111000101011001110110
00111011100101100010001111001000
00111011100010000011000111011011
00111011010100000111010100000110
00111010011100100010111101111111
00110111000000111110011111100111
00101001111101000010111001111111
00000000100010110110111111100010
00111011100110000011110110011011
00111011100100001001100010100101
00111011011100100000100000010010
00111010111101111111101000001000
00111001000100110000001110010101
00110001101100101011000000110001
00010111010001010110101001101001
00101001011011101111000001010000
00000010000000000100000010000011
00111011011110000110010100111101
00111011000100010101111010101000
00111001011101111001011001000110
00110011001101010011101001001111
00011100011000100010110101001111
00100000100100101000100110100011
00011000000000010011000110111011
00101000010001010001000000100010
00000101001100001110000011111101
00111010101100110101001110010101
00111000000000111111011000000011
00101101101011100010001000111001
00001010011010011010101101000111
00110111111101110110101100110010
00101101011111110000000110011011
00001001110110010111110100100110
00111000010110010111001000010001
00101110111100000111000010000110
00001110010100110101010000100101
00110100101101111111011001100001
00100001101001101100101111011010
00010101100110110101000101100000
00101011111100001001010000100001
00000101001011011101000111000101
00111010101101000110010000011100
00111000000010000010011110011111
00101101101111011110011010100111
00001010100110100000100101111101
00110111110101010101000000100100
00101100111111110001000000100001
00001000010101001111111110111111
00111001010001100111001111100111
00110010011110000000111000100110
00011001110111001100011001110111
00100101001010010100101010110101
00001101010001000110101010010101
00110101101100101100101000000011
00100101001001100111000001010001
00001101010010111000011111001101
00110101101011000111001011001011
00100101000011111001100000101011
00001101100001000110101001010100
00110101011110010100010101001110
00100100010101111001100011001111
00001111010010011001100111011100
00110011110000110100000100100111
00011110010011001110010110000111
00011100110011000100001001110100
00011111110001101111111110000110
00011001101110001010111001000010
00100101011001111100010001000010
00001100101010000001101000001110
00110110001110101100001011011011
00100111000100101101101100101010
00001000011000000001100111010001
00111001010000000011101010011110
00110010011000000010001101011111
00011001100010111101100001010011
00100101101101001110010101000100
00001011111001011011010111110001
00110110110110101110101100110110
00101001010111010001001110111010
00000010001100011110000000010110
00111011011100010110100010111010
00111010111101010111111001100000
00111001000010010011000001001100
00110001100011010001000101101011
00010110110010000010000110010010
00101010001100001000100111010000
00000000000111101111100100100001
00111011100110101010100111001110
00111011100110100100100100111001
00111011100110001100011011100110
00111011100100101011110110111100
00111011011110101001101100011110
00111011000110100011000100111011
00111001100110101001000111010000
00110011101111000100110011100110
00011110001101001011111100000010
00011100111111010100101010010000
00011111011001111110110010111010
00011010100000100011111001110001
00100100000001101000010000101010
00010000000011100111110001001000
00110010111101000010111101000011
00011011100000110011010111011010
00100010001101001011100110010110
00010100010110000010100001011101
00101101101101110111100100101010
00001010100001100100111111000001
00110111111000110100101111010000
00101101001100110111101101100010
00001000111100111010010101101111
00111000111010100111001000011101
00110001000101111000010100011100
00010101010000110000111011010011
00101100011011111000100011100010
00000110101001100100101100011100
00111010000111101111011111011110
00110101101111100110101000101010
00100101010100000101100111010010
00001100111000101100111100010100
00110110000010000111000111110110
00100110010111000001001011100110
00001010001110110000001011101110
00111000000101111011110010111011
00101101111110001000011011000110
00001011010011100111001011110011
00110111010100001011000001111110
00101011000100000111000010101110
00000010100111110111100111111010
00111011010111111011000011110011
00111010101011101101101011111110
00110111111100100101100111000110
00101101011010111111100110001100
00001001100111110110110111111000
00111000011111110110000101101011
00101111100000000001010010110111
00010000000110101000001001000001
00110010111001110011010111000110
00011011010101101101110111010100
00100010100001100101011100111111
00010011100110111110111011111011
00101110101100111100111101001000
00001101100101001101001100000010
00110101011010100101100110111001
00100100001000100001010101111001
00001111110010111011110011010111
00110011001110111000011000101000
00011100011101111101000111000011
00100000011010010100000010001110
00011000010110110011011101111001
00100111101100101111101100111011
00000110101110001101110010001011
00111010000101101010001100011001
00110101100111011110110111000101
00100100110110110101001010011101
