00111011100110101100101000000000
00010111110101111000010000000000
01000000001000100111010100000000
00101100001010010000011110000000
00100001000010100100100101100111
00010100101101110011011101111111
00111011011011111110000001111101
00010001001010001001000011000110
01000110100001010100001100001111
00111110010110100100101110100011
00001010100011101100001110100000
00100110010001111101111010101011
00010110000001000111110001001100
00111011101100111101011110110110
00010001100000101100011100001011
01000110010100000011000011001001
00111101110001011100110110100001
00001000111011011100001011010001
00100111001100110100011110001011
00010100110101010010101100100000
00111101001010111011111010111111
00010110000010001111111000001001
01000010100011010010010001011000
00110011000010010101110110011101
00010010011000111100101010100010
00100100010110011011000000001000
00100010000101011110110011011010
00101011001110000111010100011010
00011001111101000100011101110101
00111000101111111010110000011100
00001000010000000010011000000001
01001011000001111100011011001011
01001011000110010010000001111011
00110010010110100101010010101101
00010110011110100000110110010011
00100000101000011110101000001101
00011011110110011000000111000110
00110011001011010100110101110011
00000110011100010011100101000110
01001001111110111001111111010101
01000011000001100010110000001010
00010111101101101110011110001100
00011010010010011100101110101101
00100100010000100010000011100001
00100100100111001011010010000111
00100110111111110101111111111011
00100010110111100000101011011011
00101010101111111010100010100111
00011011001001000011110011000011
00110111001000000101110001010110
00000011101000011010000111100001
01001011110101010011010010000000
01001100100011100100111001011111
00110111010011011111110110111110
00100011001100111111001111010110
00001101111001111101101101001001
00101100100000000111110100111000
00010001010000101001001000101000
01000001111101010011100011100001
00100101011001101010100110111100
00101110100010010011011010111001
00000010011110110100000100011110
01001001011010111011101000111101
01000011110000010100111110011010
00011010001100101000000000110010
00010111001010001000011000101000
00100111001001100000110100010011
00011110100011011100110000111011
00110001011011000001000100110010
00001011011001100110011010110001
01000111011000001111011100001111
00111000101001010100001110011011
00000101101001101100101100011101
00101001110111000101101101011100
00010100001001000010111011100110
00111110101000100110011000111001
00011010011111111001000001010101
00111101111001110000111000000101
00100110010110010111101011000100
00101011101000011011110001000101
00000011011000100111110110110010
01001000011011001101001010101000
00111110100101011001001100110011
00001010101010100111010000100110
00100110001010000100100001011111
00010110001101001110001111000100
00111011011110000001011001001100
00010000110011001111111001100011
01000110110100001100010000100001
00111111001110010111100111101111
00001101000010100110011010010100
00100100101001001001100001101010
00011000001001111010001111100010
00111000111001001010101110011111
00001001001011010001100011000010
01001010101100011110001101010111
01001010001100100010100101111000
00101111010010100011000000001111
00001111001011100110000011001011
00101000000000010010010000000100
00010001011101100000000101100000
01000000011100011101111100001101
00100000101101001100111110011000
00110101110100000001010101110111
00010010001110010111110101011111
01000011111100101000000010001011
00110110010011011010100001010001
00001010101110011101000100100101
00101000100111001000100111100111
00011000000101010110101001010111
00111010001010100001101001000110
00001100101000100000101001100101
01001001010011100011001101100010
01000110011001110011000000100010
00100010110100110001111010111001
00001001111111111001000110110011
00101110110011110010100011111000
00001011001000111010100001110000
01000110101110111010000010001011
00110110100100010110011001011110
00001010111000101000011001100011
00101000011100111000110110000101
00011000011011111010101001011001
00111001101101101111010001010100
00001011010011011000111010101111
01001001111010110001010001000101
01001000000111111000011110100000
00101000011001100010110100000010
00000000010111011111001010100000
00101111011110110101001110010111
00000110100010100100110110010100
01001000110110000010111100011010
00111111000100011000111100010110
00001011111110000010101000111011
00100101010100011010101011000101
00010111010011010011111100000111
00111010000011000000011100110000
00001100100011000000000000010010
01001001010100100011011010101101
01000110011011100110010101101010
00100010111010011100001010011001
00001001110110000101001001101100
00101110110110101010100100001111
00001010111111101001010101010100
01000110110100100101101000000010
00110110111010000001001111100101
00001010000010100111011010011110
00101000110000111011111010111000
00010111100101011101111100011101
00111010110001001010101101111001
00001110011100001101001110100110
01001000010101100100011111010101
01000011101000011110110000011110
00011010001000011110101101001010
00010111010001100101001001010101
00100111000010101000011100010101
00011110110010010100100011011010
00110001000011100001101010001011
00001100010100011001011010111010
01000110110000011100000001010001
00110110010010110010110001001110
00001011100101111110110111000111
00101000001010001101100000101101
00011001001100111000101000001011
00111000101111000010110010100010
00001000011100001010010110000110
01001010111100111011011011100010
01001010111000010000000001011000
00110001100110101010001100100110
00010100101001110010100001100110
00100010101101000110011101011011
00011001000111101000101010011000
00110111001100100000111101101101
00000100011010101100111000100010
01001011101101000111101111101010
01001100010101100011000101011100
00110110100011100100101110110101
00100001001101000111011011111010
00010001010101110011010110000011
00101010100101001001000000110111
00010110001110001000111101011001
00111100110001111111000011111011
00010100100000000111111010111110
01000011111101110101100111000100
00110111000011000000100110001011
00001000110100100100101100111010
00101001010000110100001011000110
00010110010000101000101001000100
00111100010110000101001011011000
00010011001111111111001001000100
01000101000000010010100011001001
00111010000000110000011100011011
00000001010000101000001000110000
00101010001010011111000000001000
00010010001110011100100100111100
01000000011100111001101011000011
00100000011111110101001011111100
00110110001000101000010011110010
00010010111110100111010100101010
01000011011000101001110011000100
00110100101111100010101001000001
00001110011110110001100100111010
00100110110110110100000010011011
00011100011111000110101001101010
00110100001100111011110110000100
00000100001001001101100111000111
01001010110111001010011110100101
01000110110010010110100011000110
00100011101000010101000000100110
00001000100011001110001001011010
00101111001100101100110010100010
00001001110110000111000101011000
01000111011111001100010110111010
00111001011110011111011010011010
00000011011101001111111001010111
00101010000101001011110101101100
00010011000011000111100111111110
00111111101101001100100011001101
00011110000000011011011010100101
00111001100100010101100110111111
00011011001111001111001011011010
00111011011100101110011110110110
00011111100100111101111100000011
00110110000001001010101010001110
00010010011001111111110001010101
01000011110110100100010110110111
00110110000011100101001000101000
00001011010100111011111111010101
00101000010111111100111000101000
00011000101101110001111101001001
00111001010111101000100011110111
00001010010010010001110100010100
01001010010101001001111000100010
01001001010000001110010000000000
00101100001000101001001001101110
00001000000111111011100111010000
00101100110100000101111110001000
00001001111111110001110001010100
01000110101100111001111110010000
00110110110011101001001100111010
00001010010000101111011011001111
00101000101100000111001111010111
00010111110010111011101101101100
00111010100000101111000011011011
00001101101010111001101100111101
01001000110001001100100000011101
01000100110111110101111101011011
00011101111110101001011101110101
00010001110101010101011001111000
00101011001001000001111100010100
00010101001111010101101010011101
00111101111100110111000100001101
00011000001010110011110100010100
01000000011110000011110101101101
00101101010001010100010010100010
00011110110011101111010111110000
00010111101110101100000011001010
00110111100111110000101111110010
00000101111100010011100001001011
01001011011101100010111010111100
01001011111011100001101111000011
00110101001011001011101110011000
00011101100101101001011010100010
00010111000101101101100010010101
00100110001101001101001111101100
00100000001111101100011100111000
00101110101001010000101001000100
00010010001011001010110100011110
01000001110101101111000110011111
00100100110000101011001100010100
00101111100111011011110110011101
00000100101011011001011110100011
01001001011000000001111011001101
01000100010000011111110110111101
00011011110100010001001101011111
00010100111100111111010001101010
00101000111100101001111101110110
00011010100000011111001010011010
00110111011000101000110111001100
00000100011111100010001100011011
01001011101111101111110010000011
01001100100000010101101000110010
00110111001001100001011000011001
00100010110010001000101000011110
00001110101001000110010111111010
00101100001000100100101000000011
00010010001111110011111101010011
01000001000001100011101100111110
00100010001110111001100101100100
00110011100101100010101010001111
00001101001010111101000111100000
01000111000000011000001101011101
00111110110001010001101100100110
00001011101000110110010011010100
00100101100101111001101111000010
00010110111010111001110100110110
00111010100010110000000110110110
00001110000001010000010010011000
01001000100011010000110010110010
01000100001110111111011101101101
00011011111111010001010100001100
00010100101111000001010010000000
00101001000111000010000110100001
00011010001000010010111011001001
00110111111001101010010001000000
00000101111101000110111000010110
01001011100010101100001110010100
01001100001110000001000111001001
00110110001011101101111101011011
00100000001101111011010111000010
00010010111110000011101101100111
00101001011111001011101000110010
00011000110111100011101000111000
00111001100001100111100000001011
00001010101010010010011001011011
01001010001100010101100101011001
01001000111000101010101001100100
00101010111010011011100100001001
00000101100000111100111100011101
00101110000001000011000111100100
00001000001101101100010011010101
01000111110100110010100100011100
00111011000110100000111101000100
00000000111001000111001000001010
00101001110110101111101110100100
00010010001100000101000000100110
01000000011001000000010100111100
00100000010100110000000100101010
00110110011000010101001010000011
00010011100011010011110000011011
01000010111100001001111011001101
00110011100000101000110001100110
00010001010111011100000001011011
00100101000100010110011110101000
00100000100010101000000000100101
00101101110110100110001011010011
00010011111110111010110110110101
00111111111110110010111001111100
00011110100011010001010101100000
00111000111000000011101101000010
00011001100010101010011011101100
00111101010110000010101000100100
00100100011100100101110011000001
00101110110011101010010110010000
00000010110010100011000101011010
01001001011101101100100010101001
01000011111111110010001100100111
00011010111101000101001000000110
00010110001001000000000101110010
00101000000000010001011111011010
00011100101010000110100011100111
00110100010100001101011111111001
00000011111010101001101000110001
01001010111100000110100111100010
01000111001000000110011111100000
00100100101111010101111001100010
00000110100011111111000001011001
00101111100100100011110110110000
00001000011010110100111101010110
01001000001101100000110000110010
00111100010110001101100001100010
00000100010001010010110000111101
00101001000100100111110111000110
00010010101100110110101001000101
00111111101101100100011100001100
00011110001000001110011010001101
00111001011001011011111101110010
00011010110100001001000001001100
00111011111011110110110111111000
00100000110100001000100100010010
00110100010010110001010110011001
00001110011110000101010010001111
01000110010111111110100011011011
00111101000100000011011001100100
00000110110111010001111101010110
00101000001011011101100100001110
00010011101000001001010100010111
00111110100111000010110001101110
00011010100101001011101010111000
00111101110010101100110010011100
00100110000011011011110010101000
00101100001000010010111100010011
00000010011100100111111110000001
01001000101100111110111010100110
00111111110011111111100000010001
00001110001110100111111111010100
00100011101101001010110000011010
00011001011001000001111010110110
00110111001011000110010010101100
00000100010001110011110110011111
01001011101110100000110000110011
01001100010111110100111111111001
00110110101011010101011001010010
00100001100001101101011111001010
00010000110011001100011011101010
00101010111010101101101110101111
00010101011000011011110000100010
00111101101111011101011101111111
00010111100001001001100111000001
01000001001000101100111010010001
00101111000110101000001111011100
00011011000010000000001000110101
00011100010011111010000010010011
00110000111000110101000101000001
00001011111101011110101111011001
01000110111010010011000011101010
00110110111010011110100011011101
00001010000011001001011011111111
00101000110000100011000100100110
00010111100110010111101110110100
00111010110000000011001101111111
00001110011000110110100010001110
01001000010111100000011010101101
01000011101110000011100011110000
00011010011001100111110110110110
00010110111010110000010101010101
00100111010110010000001111111110
00011110000111010110000111001000
00110010000110111000110001010100
00001001101010100111000101101111
01001000011100010100011100100010
00111100110000100101100100100011
00000101010111111000001101000000
00101000101100101110001110111110
00010011000101100101010010000101
00111111010000011100110110010001
00011100101001111101111001010100
00111011010010110110001010100010
00011111100100101000011000101001
00110101111110101100111011101111
00010010010011101001001101001010
01000011111011010011101000010010
00110110010000110010010111000100
00001010110100110000100011101001
00101000100100101110110101010101
00011000001011110100111100011101
00111010000010011101110011010110
00001100010000100100011011101110
01001001011111001000010010100001
01000110111010100010011110100110
00100100011101111111000011110100
00000111000101111001100010100010
00101111011110111000111111000111
00001000110001101010010001001110
01001000000010100101101101001100
00111011101010010110100101110111
00000010011000111100010110111100
00101001100100100110110100101101
00010010010010110111111001000000
01000000001101101111011001001001
00011111110000101011111000100110
00110111001011001111001111010111
00010101011011011111001011110100
01000001010111101111110011110100
00101111001100101001100011000110
00011010111001001011100100011011
00011100011101010001100001010101
00110000101001101100010111010110
00001100100010111101111011001001
01000110100000001011011010110001
00110101011000011110011000100111
00001101110100100110010001110011
00100111000110100100100010111011
00011011110101100110001010111011
00110101001000100100101111001001
00000001101001001101000111111110
01001011011110110011101011010110
01001001101110010110010000001101
00101101011010100010111010101100
00001010111101001111010011110010
00101011001010010000111111101010
00001100100100000100000000010111
01000100110110000110101011001001
00101111111100111101101000110011
00011010001111111010010100111000
00011101000010010010101101011011
00101111101011010100100111111001
00001110111011001100010001110000
01000100101011001111101010110010
00101110101100100011000000110001
00011100111111011011010111101010
00011001110110101100000110101001
00110100100110011110100000001110
00000010010111110100000111101111
01001011010000001011101000011011
01001000101100100101010100100101
00101001111100110000100110010001
00000011100010011001101000100010
00101110101110011101010011111011
00000111010000101111011010101101
01001000011000100100010111001010
00111101010001111111001011100001
00000110111000101111101010110111
00101000000110110011110001000001
00010011110000011110110010000100
00111110011101111011111100010110
00011010000111111011010110111000
00111110010100001011101111011111
00100111011100010000111010101100
00101001110000101001101010011110
00000110110011111001101111110100
01000111000010110000100001111110
00111000111001100011110110011000
00000100110111111011100101110001
00101001111110100001010000010001
00010011101011011110111101101110
00111111000110011110101000101111
00011100000001000000000010000111
00111100000110011000101010111001
00100001101000110111111110001100
00110011000011100110111100111010
00001011101101101111010010010010
01000111101100101011110110100100
01000000101001110100100101111010
00010001000100010101110010000011
00100001010111011100010001001110
00011100010101011011010101001000
00110010110000011100000100010101
00000111100101111111101011001100
01001001011110100010111101110010
01000000111011010110110011101010
00010001010111100011001110110111
00100001000010101001001011111101
00011100110000000110101100111000
00110010000110011011011010010011
00001001010001100001001010111000
01001000100111010110000010010110
00111101011101101011011000010000
00000111010110000001000011101001
00100111111001100001000111111111
00010100000000101011010000110111
00111110001010110100100110010000
00011001001011000111000101110011
00111111010111101110011101000101
00101010010001011010011011110111
00100100101001001111000010011100
00001111011000100001001001011001
01000001000010100010101100011001
00100011001000111001010000111101
00110010000111010101101101001010
00001001111011010100110101100110
01001000010100110000110101001111
01000010001111000100101101110111
00010101101111100110010110101110
00011100101000010000100011101111
00100001110101001000010100010110
00101001010011111100110000001101
00011101101010101110010011000110
00110011010100110010010011100000
00000110101000011011101111001110
01001001111110000001010010000101
01000010111010110100110101111000
00010111011000110110111101000001
00011010101011100011010000111000
00100011110111100011111101110000
00100101011001000000100101110000
00100101100001101110111101010100
00100101101111100111011001011010
00100101011001101100001010110111
00100110000100100011011011100000
00100100110001111111011101110000
00100111010000000000011000011000
00100010011101000011010000001111
00101011011111110110001000011101
00011001100000000001100100000100
00111001011000010101110100001111
00001010000101000111000111000101
01001010011011101010100100001100
01001001100011000001011000111111
00101101000111100000101010001100
00001010010001010111010100000010
00101011100101110110100100001101
00001011111001000000110100000010
01000101010111000110111000110010
00110001110101000000111000000101
00010110000110000101111111011111
00100001001100000111010100110011
00101000010111000100001001000010
00011111010011001101110000100101
00110000101100111000110000100101
00001101010010001111110100100010
01000110000100011100110100111010
00110011101110101111010011110100
00010001110001010101000111101101
00100100101010110000000111001110
00100001010110101110101001110111
00101100011110010001011000100110
00010111001001111100001001010011
00111100010110100101110000000001
00010011000000001111001110110101
01000101001110100101111011100010
00111010101010011110001001100001
00000000011101011001100010000111
00101010000000000010011110101100
00010010000010000101101001110100
01000000100100010010101100101100
00100000111001111011111011000001
00110101100010101111101010010010
00010001100110101000010000010100
01000100011000111000110101111011
00110111100001111111110000001010
00000111101100001101010001100111
00101001100011100101011110101110
00010101010110011010010111011000
00111101010111010110011101101110
00010110011100000010110001100110
01000010001100000100000111100001
00110010000001101011100101000010
00010100101011011110001001001100
00100010100011010111001010101101
00100101110001000011100101011110
00100100011110000001100001101111
00100111101100100000101110110011
00100001100010001101000000110011
00101101000110010111110100000001
00010101111001000000111110001010
00111101111000001111011111111100
00010111110000110111111101100110
01000000111001110111111010001001
00101110011110000011100001000110
00011100010110101110101010100001
00011010110001110110110001001101
00110011010001000111110010001100
00000101111001110011011001110010
01001010001010101001100101001001
01000011110100110000100011010000
00011010001100011010111000001101
00010111001001000011011110011000
00100111001010101111101100100101
00011110100000110110111111100000
00110001011111000110100000111101
00001011001111010101010100010111
01000111011110111011010010110010
00111001000010110101000010011101
00000100100111100100110110110111
00101001111111011000101011000101
00010011100100110111101001010100
00111111001100110101100101000000
00011100010101110110010000011111
00111011101100101100100111010011
00100000100110110110001001000101
00110100100010101001000011110011
00001111000001001011001101001000
01000110000100011011101011101011
00111100001110000110110110011101
00000100100011011101110110111001
00101001000011010010011001000010
00010010101001111110100101000011
00111111101111101100010011011011
00011110001111011100010111011010
00111001001111110101101011110000
00011010011100011101011110001111
00111100010110100110011110101100
00100001111000100101110010001110
00110010101111100011000101110011
00001011000010011111001110010110
01000111111101110010000011001110
01000001010110100010011010101110
00010011000111110000010110011010
00011111011010010100101001011011
00011110101100010111110001011111
00101110111001100111111110110100
00010001001001011010100110101111
01000010110001001100100110010101
00100111111101100110101101010101
00101010000111111110010010001110
00000101111011111100101101010011
01000111011010100000100010111111
00111010011001110100001101101000
00000000111010010111110101011110
00101010000100000110100001110111
00010010010100011001011001000001
01000000010101111000010000011000
00100000001000110011011001111110
00110110101001011110111010000001
00010100001011101001100011001001
01000010011011101001101111011100
00110010000110111010110100001001
00010100100011110100111101111000
00100010101001001100011011010010
00100101100101010010001011011111
00100100110100100110111000110100
00100111000010000110100100001101
00100010110111011001100110011000
00101010110000110001100000010110
00011011000111010011010001110100
00110111001010100101101001101000
00000011101111011010000011000110
01001011110100110101101011101101
01001100100100000001110101111101
00110111010101010000110101100110
00100011010001101101100000111110
00001101110001100111011010100100
00101100100100001000100001100101
00010001000101101111110101010110
01000010000111010011001001111111
00100101111011111011111010101111
00101101101000101010001010010101
00000000101100010011000101001011
01001001010010001011001011101010
01000010101111110011000010110001
00010111000011011000111000101110
00011011000110010001110111001101
00100011011100001111011011100000
00100110001110110010011011100111
00100011111010000000111100111110
00101000110010101001010010000101
00011111010010110100000111001001
00110000110101110000000000100100
00001100111101110100100001100101
01000110010011101101000100000111
00110100100111001010010110010010
00001111101011101000000011101010
00100110000010111000011000001111
00011110010011111101100111101001
00110001011011111101111010000000
00001011010010101111110100101011
01000111011100001011011101111101
00111000111000100101001111011000
00000101000010001010111111111010
00101001111100011011100000110010
00010011110010101011001101100100
00111110111111001011110100010000
00011011101001001111011011110010
00111100100011010000100100111000
00100010110011100100011111011111
00110001010100001100000000111100
00000111111101011101111100101001
01001000111010010010111010100010
01000011101001010110011110100100
00011010000000001110101000000011
00010111011011011011000110101011
00100110111010010011110100100101
00011111000100100000101111100011
00110000100110100110011011001001
00001101011100001101000011010011
01000101111100010100000111001011
00110011010000111111101101011110
00010010110110110110000011001011
00100011110111110111101101010110
00100011000010010001110000011010
00101001100010001111101010100110
00011101100110000011001100001000
00110011011111100101000111111100
00000110001100111101101011000101
01001010001001100010100000010000
01000011101011001001000100001000
00011001101110001001010110101000
00010111110000110110101101101000
00100110100111111110101001011101
00011111101100010100110001011010
00101111100110011010001101000110
00001111111001001100100001101100
01000011111100111000110110010100
00101100000101001011101011110000
00100010010110010111110011011111
00010010101010101011101100101010
00111101101110011001100100110000
00011000010010001100101111000001
01000000010001010011111110100000
00101100101100111111000110111101
00011111111100101100011011101010
00010110001110000011001110110010
00111001100101111100011101110110
00001011101000110101110011011010
01001001101100110111110110110011
01000111011110001000011111010011
00100110010000111001101100001001
00000011110001100000010110101101
00101111110010100111110001101011
00000111000101110010011100100101
01001000110000101101011001100100
00111110100111100100110010000100
00001010101010100100110111100100
00100110001001011011110110001100
00010110001110010111110110101111
00111011011100101000010111000101
00010000101111000001001000100010
01000110110111000110110100110111
00111111010110110011001111000101
00001101011010110010110010101001
00100100010111100101010110110111
00011000100000110001100100001101
00111000011001110000110000101000
00000111110000110101110100101011
01001011000111000001111111100000
01001011001110110111001011101001
00110010110011010110101010011110
00010111100101011100100101110101
00011111010011000110101001000101
00011101100001010011000000010001
00110000100001101000110001101101
00001101001001110000110011010001
01000110000110010110000001111111
00110011110111100001010000011001
00010001011100100010000101101011
00100100111001010100100001010001
00100000110111010100010001000011
00101101010011100000000000001001
00010101010000010001011110000000
00111110100101011101111111011110
00011010000001010100000011100010
00111110011110100010110011100100
00100111111000101001011101011111
00101000111110110111111011110111
00001000001100001000001000111001
01000110010100101111011001111110
00110110000110010010110011010100
00001011111101011111101110110011
00101000000000111100111011111100
00011001100101010111111111100001
00111000001111000011011000101011
00000110111111111011011011111110
01001011010100110001110010001111
01001011110000110000101111101001
00110100100111011101001110001001
00011100001001101001001000011100
00011001001101001101000010101111
00100100001111000111000001101010
00100100010100110100110001110001
00100111011110110110110011110110
00100001111000110101101001011010
00101100011110011011100010100010
00010111010011110101110100111010
00111100001011110101001101010101
00010010011110110011101110010101
01000101101000110011000110110000
00111011110101111010101101111000
00000011100111100010100111011101
00101001010110000010111111000011
00010010010111101001100111011000
01000000000101010000100011101101
00011111010101101100010111000101
00110111110000101100101111001101
00010110110101000000000011110010
01000000000101111011101111000011
00101011101110101110000011010101
00100001111010100111011001111001
00010011011101111011010011111111
00111100111000001011000101000010
00010101100110101010110110010000
01000010111001111011001011101111
00110100000001000010001001111111
00010000000111111111100000000010
00100101111001001000001010011111
00011110101101110111100111110001
00110000110011111001111111000001
00001100110110111101111000011011
01000110010111010011101110100010
00110100110101001000000101000011
00001111001010000111110100000011
00100110010110111101011110111000
00011101100101111000001000000001
00110010100010110101011100110100
00001000011110011111110101100000
01001001000101001000110101000111
00111111010010111100001101110111
00001100100100101100111100111111
00100100111001110000111011110101
00010111110110001011010011001100
00111001010100011001101010101110
00001010011010010000000101011101
01001010010000010011110001011010
01001001000001101101000010111010
00101011011000001101100101011101
00000110100000000001100111110010
00101101100110010100000110001110
00001000110100010011001011101011
01000111011101010100110101101111
00111001101011111101101100101011
00000010111000001111100101011111
00101010000110101001100110001001
00010010110101000111101111011100
00111111111010000101101111101010
00011110101011010001100111111110
00111000101011001000101000000111
00011001000010100110001111110000
00111101111000010000101011000001
00100101110110000000101111001011
00101100100001111001001000101000
00000001101011010110010000001110
01001000111001011011111001100101
01000000101101010111001101000110
00010000111000000100101110010100
00100001100000001010001100100100
00011100001011011010100011100100
00110011000000010110000000000101
00000110111100111110011000000100
01001001110001010101010100110001
01000010001000101000110110011101
00010100111111110100011101100101
00011101011010001001111100100011
00100000111111011100011110010001
00101010110111001011010111001011
00011010010110011011110110110101
00111000001001110111111110000100
00000110100011100010100110011111
01001011011100010000110001011101
01001100000010101111111001000100
00110101100101010110000100000110
00011110101001011010100011001000
00010101011101111110111111110011
00100111100101011011110110001111
00011101001111010111100101101110
00110011011001011110110001000001
00000110010100111001100101010010
01001010000101010111111011010010
01000011011010010000100010111000
00011000111001110100111110010000
00011000110100001000010110001100
00100101101010111010011011000100
00100001101101111100000111010111
00101100001100111101000011101111
00010111110100111110001110010100
00111011100001111010000000110100
00010000011110111110110011101100
01000111000101001100111010000011
01000000000000111110110101100001
00001111010100110000100110111100
00100010111000100101100111110100
00011010011011001010110011100110
00110101101010110101000111011010
00000000000111110110111001010111
01001011101101000111111010001101
01001011000011000110101011001101
00110001111110011011000101010011
00010101100100101000001010110101
00100001101011100111011101011110
00011010011111001010110100000010
00110101001110110001000110101011
00000000111111110011011110000100
01001011100011001110111011111100
01001010001010011101111111111001
00101110111010111001100010100000
00001110010110101001010000001001
00101000101100000111001010110111
00010000011010010100011100011110
01000001011111000100001011110001
00100100001100100110011100001011
00110000011110011100111011010010
00000110011100101111111110111110
01001001001010111010001101101110
01000100000101010101110110101100
00011011010100011110100110010111
00010101101001100000011010011001
00101000011001101001011011001000
00011011110000101110111101001101
00110101100111110110001110000001
00000000011001010101000001100010
01001011101100000001000001011011
01001010110101001101011011011110
00110001001101110101110110100100
00010011101111010001011100000100
00100011101100000100000000100010
00010111110001000101101110010011
00111001000010110001111001100000
00001001101100011100011001100110
01001010100000101001110101101101
01001001101101000100101101110111
00101101101000110001111011000010
00001011011011010011001010001010
00101010110110001100001111011001
00001101000011100110001111010110
01000100011101000110110000101000
00101110100010111000100100100101
00011101010000010110010100010010
00011001100010011100000011100100
00110101000011111111110111011110
00000001001000011110001101100000
01001011011111100100011010111011
01001001111010110111100100111001
00101110000101101111001011110101
00001100011101110100110110011100
00101010001000001010111000011101
00001110001011011111100010010010
01000011100001010011101000000010
00101011001110010101000101011001
00100011111110100101001010011101
00010000001111000000000011010100
01000000001101010010001111000010
00100000010110110111111000100101
00110110010001100101110011000101
00010011010010101111101000010000
01000011001001001111110000110010
00110100000100111001011010010011
00010000000011001001001001101010
00100101111011101000100001010011
00011110100111111100111011010010
00110000111101001011101101011000
00001100011111111000110111100001
01000110100111110101100010100101
00110101110010110010001000111111
00001100110100101010101100101000
00100111100110101100000100101110
00011010100111000010101011011000
00110110110110101010111001001110
00000011000101100111010000110100
01001011110101100100010000011110
01001100011010000101010100010110
00110110110001010011110101101011
