01001100101001101100110110000000
01001100100111000101011101100000
00110111010000011001101011001110
00100011000101111111111100111101
00001110000110011011101100010101
00101100011010000001000101100001
00010001100001001000100000100111
01000001101110000000001111000111
00100100100101011001000111111001
00101111111000100011010100100101
00000101001110011010000111011111
01001001010101000001011000000100
01000100010000101000100100001101
00011011110101100110111001010010
00010100111011001100101001111110
00101000111110000001000000010101
00011010011101010101010011101101
00110111011100111110000110000111
00000100101011110000011111010110
01001011101110011010010101101010
01001100011111010000010101100101
00110111000110000001111110110111
00100010101000110001010111111001
00001110111001011010100001000110
00101100000000000011111101000100
00010010100110010100101111001100
01000000101011100001011001001100
00100001000101000000110101010100
00110101010011101111110001110101
00010001000100010011111000000101
01000100110000010101100000100010
00111000100011001110110111011101
00000101000111100000001000000111
00101010000001100100000101101100
00010011101010001001100000101011
00111111001000101000000010110101
00011100000111110001000101101101
00111011111110000110111000101010
00100001010011100011110001110110
00110011100010101001000100001001
00001100110010001000001101100010
01000111001110101001001010010010
00111111011001011111000010000010
00001101011011101110010111011100
00100100010110001100001111101001
00011000100010110111111001001001
00111000010110111011001111110011
00000111101000101100110010000001
01001011001001000111111111110010
01001011010011110011110010100101
00110011000100001101111110000111
00011000001111010010000001100011
00011110011111000011010011110110
00011110100000010010001001000010
00101110111001001110000000111000
00010001000110101011101110010101
01000010110011010001100000000101
00101000000100111100001000001010
00101001111010110011101001111101
00000110010011101111001111111110
01000111001111101101110110100110
00111001101110100001000100011011
00000010101101001111011010100101
00101010000111010100111110000101
00010010110000011110101100001101
00111111111110011001000000101100
00011110111001100101100011111010
00111000010111101110011111000011
00011000010011010110111000101011
00111110101001001100000001110010
00100111110110111100010100011011
00101001000101010000101110100010
00001000000000010100111010110000
01000110011011001001010100000111
00110110011111000000011111001111
00001011000000011000110000111000
00101000011010100000001100110001
00011000100010110001011111001011
00111001100101001000100111101000
00001010111010000010000100011101
01001010000101011010101001110010
01001000100101010010010101000110
00101001111010010010100011110011
00000011011011010110001111101010
00101110110000010110100100001101
00000111001110101100100110000111
01001000011001110101010001000010
00111101010110111001100100001000
00000111000110100001000000000011
00101000000000110011111000001110
00010011110111101000110011001010
00111110010101011110011110010001
00011001101100111110101100001110
00111110110010011100110000010101
00101000101101000111010100111110
00100111100001100001111111011000
00001010101100111001001001111111
01000100110001011001110110111011
00110000010001100001010110000010
00011001100000000010010110110010
00011101110110010100001110010101
00101110010101000000011011100010
00010010001001011000100100000010
01000001110001001011101101100101
00100100100011001000101110000110
00101111111101011000011010100010
00000101011000100110100111010110
01001001010011111011100000001010
01000100001111111011101001100111
00011011110011101011110101111100
00010100111101111010111101011100
00101000111011111010011010001110
00011010100010001100100010001001
00110111010110010010010101011110
00000100011000111001111000000010
01001011110000011011001001010000
01001100100000110000101001011101
00110111001010110101011100110100
00100010110101101010100100100110
00001110100010111011101011010101
00101100001011101111011011111011
00010010000111011000110101100100
01000001001001101101000000000111
00100010101010010101001111010111
00110010111011100110000011110111
00001011101110001011011100000010
01000111101010000010011111001111
01000000100001000010110000111011
00010000101010100000000010000100
00100001101110100011000101001000
00011011111000110000111111101011
00110011011101001110000001110100
00000101110001111000110001111000
01001010010000011100110111111000
01000100001011010110111011101110
00011011010010110111110110011001
00010101101001110000101100100010
00101000011001110111101011111111
00011011110000011000110001010001
00110101101000010111011011011110
00000000010111111010101101001010
01001011101100001100100111100010
01001010110110010001110000001101
00110001010001100010100101000111
00010011111000001001100100011010
00100011100010101100010101111100
00010111111110000110100100010010
00111000110001011000001010100001
00001000111010000001001101000101
01001010110001011101101011111010
01001010011000111000111000011110
00101111111100001001010000010110
00010000101100010101111101011000
00100110101011010111111100000011
00010011011101011001101000111010
00111110010100000101001110100001
00011001110000110001001001010111
00111110101101011100111001100001
00101000011111100001001101111001
00100111111001111101011111000000
00001010000011011001010000011100
01000101001100111101100111010011
00110001110111010010000001010110
00010101111101101111010101111001
00100001010100000101000101010000
00101000001000000111011111011000
00011111110001110111001110100001
00101111111010111111101000000011
00001111001100101011000011110001
01000100100011100100111111111001
00101110001110100101110010111010
00011101111110100000101100111111
00011000101000010011011001010000
00110110010110010110011010011101
00000010011000101111000010000110
01001011110001101001000001010001
01001011111110101000111110000000
00110101010000010000110001010110
00011101110011010001101111010101
00010110110001001011001011010101
00100110011111001111010000010010
00011111101001000011010011011001
00101111101000101001111111011111
00001111110011001100000011000101
01000100000010000010001100101100
00101100010111011010111101110010
00100001110010000001101000111010
00010011011111011000000000110011
00111100110100010001010100110000
00010101011011000101001001011010
01000011000100011101110101111010
00110100011110101110101011000100
00001111000010010001001110110110
00100110100011001111111011100010
00011101001101010100101010100101
00110011001000011011101110101000
00000110111101010101110001101111
01001001110011101000111111110001
01000010010000100001101101010101
00010101010111101010000110010010
00011101000000000100010011011010
00100001011100000101011010111101
00101010000010101010011111001010
00011100000111110000000110000010
00110101101001001000111011101100
00000000011100111110100100100101
01001011101100010101001011101000
01001010110101001111000010110110
00110001001101110101011110111010
00010011101111010001000100011000
00100011101100000100011101100110
00010111110001000101000100101011
00111001000010110010110000101100
00001001101100011110111001111110
01001010100000101000111101001110
01001001101101000010011000010001
00101101101000101010000110000010
00001011011011000001101011001110
00101010110110010111111110001101
00001101000011010011110111110000
01000100011101010101100010110001
00101110100011101101100111111000
00011101001110100110101111001110
00011001100100100101011010011101
00110101000000111001011111111101
00000001010000110101101010000110
01001011011110001010110010001001
01001001110011011001000110011010
00101101101100001101111001001001
00001011100100100100010101100111
00101010110000001001110100111110
00001101001100111101001100010101
01000100010101100001011011000001
00101110000111101101100000111001
00011110001001001101110101110010
00011000011011001111111110110011
00110110101000100110100010010000
00000011001011010111110101100011
01001011110000011111111010001100
01001100001001110000111111100001
00110101111000010110111101100010
00011111011011100000111000100111
00010100001111001110110111001010
00101000100011100011010010111111
00011011000010110100011000000111
00110110100101111011001001011100
00000010010010001110110100010010
01001011110111000001101101010011
01001100001111110111110000010011
00110110001100010000011001010000
00100000001111110110100110110110
00010010111010111110110000111111
00101001100001010101111100011110
00011000110010011010111001010100
00111001101000010000011010100110
00001010111101110010010011100011
01001010000100011011001011001001
01001000100010111101100000001111
00101001110010101010010010001111
00000011001011101001101001010001
00101110110101000101000000001110
00000111001001000001001011011000
01001000011101001010101010100001
00111101100011111100101010111100
00000111101011001100000011100010
00100111110000001010101111100100
00010100001011110100010000000110
00111101111101011111111100011110
00011000100000111011001101111100
01000000000100111101100111110001
00101100001100001011001101010010
00100000111101011111110001100100
00010100110101000110001011111000
00111011010011010101001001110111
00010000101111110111000101011110
01000110110011101001110101010111
00111111001011100100000100001110
00001100111010011011101000110000
00100100101110111110000100111001
00011000000010010100111111011000
00111001000011011111110000100100
00001001101001001100010100101100
01001010100010010110000110111100
01001001110010000001010100110110
00101101111001011010001110100010
00001100000000100010010110111111
00101010011100101101001000101001
00001101101011011111000100110100
01000011111100011010010100101101
00101100101110001011000101011100
00100001000000101110110000010100
00010100100101111000101100010101
00111011100011000110010111111100
00010001100000011100011100011001
01000110010001010010110111111100
00111101101000010010010100001110
00001000100001101100111101110011
00100111011010000111110001101111
00010100100100011101000010011111
00111101011111010011010010101101
00010111000001111110001111111111
01000001100101111100010001010001
00110000010111000011110001101011
00011000010110011011011010000101
00011111001010110101111110001010
00101100000101110001111001011100
00010111010010111011000000000110
00111100000101011100010011110111
00010010001101000010010001010101
01000101110110001100100010010110
00111100011100011110100111010111
00000101010000011101111111111000
00101000110100100110101110010111
00010010111000101101100011111101
00111111011110010010111000111100
00011101010111000010011101000011
00111010011001100101010000000001
00011101010011110110011010100011
00111000111100100011111011110100
00011001010110111000001000011110
00111101100101011110111000101101
00100101000101101000111110110000
00101101110001011001001010101101
00000000101110110000110001011111
01001001010100101101100111010010
01000010111001010001101100001011
00010111100000011000011010101010
00011010100011101110101100100110
00100011111111000101011110010011
00100101001001111101110001011101
00100101111110010101010000101001
00100100111000011000101111010001
00100111000011000100110011111010
00100010110110101111111111111011
00101010110010001000010011100010
00011011000100011000011001000011
00110111001110101101100010000000
00000011111010111110010110011110
01001011110011111111100111010100
01001100100100011111010110111100
00110111010111001011001110000010
00100011010110110100100011111111
00001101101000100100000111011000
00101100101000011011010110110010
00010000111010000010010000100010
01000010010001111100001001110011
00100110100000100010011110110101
00101100101010001000010001110110
00000001001101010101011100001100
01001000111101111100001110111100
01000001000101110011010011101111
00010010000001001110110001011111
00100000011100110111011011110001
00011101011101101101101001010101
00110000111100101110110001100111
00001100001010101010000001010000
01000110110100000000000101000110
00110110100001100100001000100000
00001011000001010010111111101011
00101000011001010000111110101101
00011000100101011001010100011100
00111001100001101111001100000110
00001010110000000011110111010011
01001010001001011110000100111111
01001000110000011010000110111110
00101010011111000010100011110001
00000100100111100010001000111100
00101110010110111011100110110011
00000111101111011100000110001001
01001000000110101100010100100110
00111100001100000111001011100000
00000011110110101111110010011000
00101001001100101110000001011111
00010010100101001011000010110100
00111111110110101110010111101000
00011110100101111101100000110010
00111000110001110001011110000100
00011001010010101100010100011011
00111101100111001110010110101000
00100101001001011011001100001011
00101101101011010100010001110110
00000000100010110110000111110011
01001001010011001111110010011111
01000010110000101001110001001011
00010111000101101111111010011011
00011011000011011101110000101111
00100011011111000111001100101100
00100110001001001010010000001000
00100100000100111110001101000001
00101000011110011011100100101111
00011111111100101011111010111111
00101111110001011111001100111001
00001111100101010010011010110101
01000100001110111011100001001111
00101101000100110111011000100001
00100000010110011011001010101010
00010101100000000001110000100111
00111010011100111011001100000100
00001110001100100000010101001100
01001000011010000011101110111010
01000011110011000001110110010101
00011010101000101011111111011110
00010110100110011111110011101001
00100111100111011001001101101011
00011101100001011110100111100010
00110011000001000100101001000111
00000111010101000011000001110100
01001001101001011110100000100100
01000001100110001101100111000100
00010011010111101010001011101000
00011111000111001111011111011100
00011111000011100111110010100011
00101110010010001011011011110000
00010010100110101110100011010101
01000001010111000000010001111000
00100011001001101101000101001001
00110010001100001001000010001101
00001010000110111000011011111100
01001000010000110000111111101111
01000010000100111101110000110001
00010101010001011000100000101100
00011101001001110100100000001000
00100001010000101001010001111100
00101010010111100000101111011001
00011011011010111111001001101100
00110110101001110010110011000100
00000010010100111010001111111010
01001011110111111001011011110001
01001100010011110001110010011010
00110110011001111111100111010001
00100000110100000100010010011001
00010001111111100001001100110111
00101010001010000010001110001100
00010111010000100110101100100110
00111011100010110110100100111110
00010000101100100010011101001010
01000110111010111010111000110101
00111111100010110000011001110100
00001101111101010010010000000001
00100011111101110100011000000100
00011001000010001100111100011001
00110111101011001000010110110110
00000101101100000011101011100000
01001011100010111111101010110110
01001100001001111110110000101010
00110101111101001011011111001011
00011111100111110010011110001100
00010011111011100110111000010001
00101000110010011000101001001011
00011010100000100101110001011101
00110111010101011011011011110011
00000100010111001001111110011100
01001011110000100001101011001010
01001100100000100110010100001110
00110111001010001110010110110110
00100010110100000010001010100110
00001110100101110010001101100100
00101100001010010001110101101111
00010010001011010001110100000101
01000001000101111100101100000111
00100010011101101011011000100011
00110011001111000000110111010110
00001100011000111110110100000101
01000111010111100111111001111011
00111111110000000001001111000011
00001110011100010101000011001101
00100011100101001000011001011011
00011001100010011000000001111001
00110110111101100000100001010101
00000011101011110110011100110111
01001011110001100010001111011101
01001100010111001100101010101000
00110110101000001010101010010100
00100001011001011000111001010110
00010001000001001110011011110010
00101010110010000100001011101111
00010101101110000011011001111110
00111101010110111110101001001000
00010110010011111000001100100000
01000010010100100010001111000100
00110010011001100110000101101101
00010011110101100110100101000100
00100011001111011100111011100110
00100100011000100111100001010001
00100111000101010010000001011001
00100010101001001010111001000101
00101011001000111101011001001001
00011010010010001110111011011111
00111000010100011001110110110001
00000111000000100111100010011010
01001011010110001010000000111111
01001011110101110110001110000011
00110100111001001001101110100011
00011100110111000001010111110011
00011000001011001000010100101011
00100101001110001000011011001010
00100010010100010001000101011011
00101011000111000100100111001000
00011010001111110010010001100010
00111000010110110110111010011100
00000111000111110110001100011001
01001011010100011111100011101111
01001011110010001000010001110111
00110100101100011010010001001111
00011100010110010011100111111101
00011000111010111010010110110110
00100100100000110110001110010111
00100011110001000001110011101111
00101000100000110010101001011111
00011111110010001101100111110101
00110000000001110111111011111110
00001110111101010001011100011010
01000100110000100011001100100010
00101110111101000011000101001000
00011100011100101110001111010000
00011010100000100011111011011110
00110011101000100100001101010110
00000100111011111100111000110111
01001010100001011011100101001101
01000101010110111000000011010101
00011111000001101110111010001011
00010000001011111001011100010100
00101100001001001001110110100011
00010010101100001111101100001101
01000000101001000100000011000011
00100000111011110001001101001010
00110101100001010101111001001110
00010001100011101001101100111001
01000100011010111011010010000100
00110111100111101001101111011011
00000111011110000011010110110100
00101001100110111011011110000011
00010101001011101000100101101011
00111101100011000111101111101010
00010111000001010000011011110010
01000001100111110111001010010101
00110000011100110000110010001100
00011000001010000010010010101011
00011111010111010000000110011001
00101011101111110101100100001111
00011000000011111010100100110100
00111011001000010111001111100100
00001111010011010011100111110000
01000111110110000010010101100000
01000010001110001110000110101101
00010101110110001010011001011000
00011100100001110010111000100011
00100001111011110101101010110011
00101001000111010101010000111010
00011110000101001010011011101000
00110010101011111001010111010101
00001000010010010101101010011100
01001001001100101001001100100100
00111111110000011000000110110001
00001101111010010010110000100001
00100011111011101100001101100010
00011001000110101100010101110100
00110111100101001101000011000111
00000101011011001110010000110000
01001011100101100111001000001000
01001100001110001101111111000111
00110110001011100011111111001001
00100000001101100101110101101000
00010010111110100111010001100100
00101001011110110010011001011010
00011000111000011111011111101001
00111001100000011001111111001000
00001010100110101111000000000100
01001010001101101111111010011100
01001000111100100001010011001100
00101011000111001101010100001111
00000101111011111011010001010100
00101101110101111101011101111001
00001000011101100001100011010011
01000111101011010000110100000111
00111010100001101001110000110000
00000000101001111000000010100010
00101010000010010110111010001001
00010010010010111001001001001111
01000000010110101001100010100111
00100000001011100101010000100110
00110110100101100001000000010101
00010100000010010011011101111110
01000010100011010010100010111000
00110010011011111110001011101110
00010011110100011001101001000110
00100011001111110110111101110101
00100100010111100101010101011000
00100111000111001010111011101100
00100010100101011000111101110101
00101011001111101011000010110001
00011010000011011110100101011000
00111000101000100011101011100110
00000111111010100000110011001110
01001011000111111010001001000010
01001011010100110111000000011111
00110011001000010011001001101100
00011000011001011001000111110111
00011110010010010001101111010000
00011110101111011111000000010100
00101110011111100001001101111011
00010010000011100111011001011110
01000001111001001111011101110001
00100100111101110010011100010000
00101111010001110001110110001010
00000011111111000100000000111110
01001001011010100011100000110111
01000100001011111001101111111100
00011011100100110010001010111010
00010101010010100000111001000101
00101000101011111100011011000000
00011011000110111111001110110010
00110110100011001000110110111010
00000010001001110101101101011101
01001011110111000100001101110111
01001100001101011111100100000010
00110110000011101110101001100000
00011111111001011101010110000111
00010011011111010001111010111110
00101001000111010100000000010110
00011001101111110101010101101101
00111000010111100011010010100110
00000111010011010001001011000010
01001011010000110101001110100011
01001011101000100110110000111010
00110100001011101000110100011101
00011011000010101110000011011101
00011010110001011111100010110111
00100010101001111100011000011000
00100111011011010111010011000000
00100001011111001111110010111100
00101101000101111000011101000011
00010101111001001010101000110101
00111101110111111100001001100111
00010111101111111100110100011111
01000000111010110100000110110010
00101110100000101001010101011011
00011100010001010110100101111000
00011010111000001110101001111100
00110011000111011110011111110101
00000110010010111010001110101000
01001010000000100100000000001000
01000011001010000111101010010110
00011000001000010000101010000100
00011001110010000011101101101110
00100100110000001011111110000111
00100011100111001011001001010011
00101000110101111010100000001010
00011111000110111001001101001111
00110001001000001100111101100110
00001100001111110010001011100111
01000110110100100000001010010110
00110110100001101100011010010101
00001011000001000111011010100100
00101000011001010100011111011000
00011000100101001111001011110010
00111001100001111011111100100100
00001010110000101001011000011001
01001010001001001110111100110001
01001000101111110000101010111001
00101010011100111001011110100011
00000100100011000100001110110000
00101110011000100010010010000100
00000111101101010010001101001110
01001000000111111101001010001110
00111100010001000010011001011101
00000100000100010011010111111001
00101001001000101110000000101011
00010010101000110101110111101000
00111111110010010100010001111101
00011110010111101001010110010011
00111001000100111100101100011011
00011010000001101011010111000101
00111100110100010101111011010000
00100011000101001100111001111111
00110000111100010111101101100010
00000111001011110010100001000000
01001001000100110100100110111010
01000011111110100010101100111001
00011011000000100100110100001101
00010110000100111100011010011101
00101000000011011100000101010100
00011100100010111011101100100110
00110100011110110010110011010110
00000011011110011100110011101110
01001011000100001011001011011101
01000111101100111111111100110100
00100110101000101101001001010111
00000011000010000011001100010010
00101111110011000100001110100111
00000110110110100011011010101011
01001000110101110101001111111001
00111110111101101010100000100000
00001011101010001100100011010000
00100101100001011100101100011101
00010111000010010110110110010110
00111010011001010111101011000101
00001101100101001111111110100100
01001000110010100110101000101010
01000100111010111101100101010010
00011110001000010100100000101010
00010001100110101111100001100011
00101011010010010001100101000101
00010100111000001100011110100100
00111110010110100001110101111000
00011001011100101100011111010101
00111111000110010101000111001011
00101001100011000000110101100111
00100101111111010111011100001001
00001101001111011100101011001001
01000010111000100010011100110001
00101001011111101001000011110001
00100111001110100110101101101110
00001011000000101111100101000110
01000100100001100110100011111001
00101111011000100110111100000111
00011011011011001010110101100010
00011011101110010100101001000000
00110001110001110110001001110101
00001001101110000100011001111001
01001000010100011011101100000110
00111100010100101110111010011100
00000100001011000001101110100110
00101001000110010011110001001110
00010010101011011110101011111010
00111111101111010010000010011000
00011110001101110000111000011111
00111001010010000110011011100010
00011010100010000010100111000100
00111100010000010101100000101000
00100001101000100001000010001110
00110011000111001010001111110000
00001011110110001001110110100001
01000111101001000101111111111100
01000000100000010000010010110001
00010000101000011001001110101010
00100001110000011011101001001011
00011011110110011010010101011010
00110011100000110111011011111001
00000101101000010111000100010111
01001010010100000110010011001001
01000100011010111100011011000001
00011100000011110010001101000110
00010100100101011111011111000001
00101001001110111011010001000110
00011001110110001010111101000001
00111000010010001001111011011101
00000111000011000101101010111010
01001011010100101010100111110111
01001011110001010100000100100110
00110100101001011101000110110111
00011100001110101111111011000101
00011001000101110101111010010111
00100100010110010001100101001001
00100100000110011001101010100101
00100111111001100010101101110010
00100001000010110000010011001001
00101101111011011101011100100010
00010011111110000100101101101000
01000000000001000011000110001001
00011110101010010011000100111010
00111000101110101000010110000010
00011001001011100111011000001110
00111101101110101010111111010110
00100101011100111000001010000101
00101101001011011101110111100000
00000000011011010010011011011111
01001001001001110111010010111001
01000001111101101111001000110001
00010100101001110101011011010001
00011101110010111011110000110101
00100000100011100101010110000000
00101011101001100000011000011000
00011000100111110011111001100010
00111010011101011010110000000111
00001101010001111011001010011011
01001001000000000000101101101110
01000101100011000100111001101101
00100000000110110000111111010111
00001110100001110111110000000010
00101101000000111011111001100011
00010000010111100111110010100110
01000010110100001100001000110011
00101000010101111011101110110100
00101001011010111110110111000010
00000111001100111100000000111100
01000110110100000001000111011101
00111000000000111011110010001001
00000111001001101100000101000001
00101001100110010101101000000110
00010101000110101011100100001010
00111101100111110111010001000101
00010111010000011101101001101100
01000001011000110000010111111100
00101111110010110101110010000011
00011001100100010001011010000101
00011101111010011100001011000101
00101110010000011111001111100000
00010010010100011100101000101001
01000001100110010110011110100101
00100011111110011001010001001111
00110000111000101110000001011000
00000111010100100011101001010001
01001001000000101111010100100101
01000011110011001010011111001100
00011010011101100000110100111111
00010110110100011001001000001110
00100111011011111011000000010101
00011101111010111100101011001110
00110010011010000100011100010111
00001000111001100110101000111101
01001000110111011100011110101110
00111110011011110111101000111101
00001010000110001011000110110000
00100110011110101100101101001010
00010101110011000001011110011111
00111011111111010010011111011010
00010010011000011100110101011110
01000101101010100010100110000101
00111011111001101101011100000000
00000011110001101011110101100100
00101001010011001001011010100111
00010010011010001111000100001101
01000000000010001001111101010100
00011111001011100101000110011000
00110111111110100111101001001100
00010111010110100000000110101010
00111111100101110001011010101010
00101010011000010100010011110001
00100100011111101110001001001001
00001111100110110010100111011110
01000000110101010011001000010110
00100010011100001101110001000110
00110011001100011000101101011001
00001100010010001110001011000101
01000111011010110000001101000100
00111111111000011111001101001010
00001110110100110001101101011001
00100011010001110010001101010101
00011001111011001111011000000100
00110110011001101001100000010011
00000010001000010001110101011100
01001011110100011000000011101111
01001100000011011100010000110000
00110101100000100101100101101100
00011110011101101001111110110111
00010101110000010010100011001111
00100111010110011000001110010111
00011101110000110001101000101011
00110010100110101010101010100111
00001000011000101010100000100111
01001001001000100110010000001001
00111111100000100100101001010110
00001101001100010000111110011101
00100100011101101110111001000111
00011000011010100111010010010010
00111000100010101011111011111101
00001000001010010111010110101111
01001011000000001010010100101000
01001010111110010011000001110111
00110001111010111110010011000011
00010101011011000101110101000000
00100001110110010010000100100000
00011010010001000111001100101010
00110101100011011000100110011110
00000000000111111000000110001011
01001011101010111000111100101011
01001010110110011100010001101000
00110001010010100000101011011010
00010011111010011100011111001101
00100011100000010000011001110000
00011000000001011110101101110001
00111000101100110101101110010101
00001000101100111010010000111101
01001010110101100001100001101101
01001010100011001110010010100001
00110000011111000101000110101000
00010001111110100100001111010111
00100101011101111011111000010111
00010101001111001110111011001111
00111100010000000010010111101010
00010011010010011111001100101011
01000100111100001101100111111010
00111001110100010011000010101111
00000001110001010011010001011001
00101010001011111001011001000101
00010010010101011100110101100000
01000000010111010011110110010110
00100000001100110100000100001000
00110110100011110110100001110110
00010011111110011010001001001001
01000010100110011100111010100001
00110010100100101100010010110101
00010011100000101010001101100000
00100011011111011110101001010111
00100011110111101101010010111011
00101000000001111100010010000100
00100000101110100100111101110000
00101110011101001001100111000010
00010010101110111010100100100101
01000001010011000111010111011010
00100010111011010011111110110010
00110010100010101010011111110110
00001010110111110110100101110100
01000111111111011000111101111101
01000001011000110010001101111101
00010011001110001011000011110111
00011111010011110111100111111001
00011110110011111101000010001000
00101110101100101111000011001010
00010001101000000001110001011111
01000010010100010100111111000111
00100110011010001011011010111111
00101100110110010101100010101011
00000000110101100101000100001100
01001001000010101111101010001101
01000001011101011001101111100010
00010011001000001010000110011100
00011111010111111001101101110100
00011110101111110100100001100100
00101110110011111010111011100110
00010001010111000000010110001010
01000010100100011110001010100000
00100111010001101011000101010000
00101011010101111010110111000101
00000011101100101001110101001110
01001000010010010100011011101111
00111110000001001011011111001110
00001001000011010010101011001010
00100111000100110010010000111111
00010101000001101101010101001011
00111100111100010100011000000101
00010101010100100110001001010010
01000011001101011001000001001101
00110100111000111011101000111100
00001110000100000110001100111100
00100111000101111000011110010001
00011011111011100000101100011001
00110101000000100111101100110010
00000001111110110011110001001001
01001011011010100101001111000001
01001001011000111000111011111011
00101100010001101010101011100101
00001000011101010001010100100010
00101100101001000100110100011101
00001010010000100001101011110001
01000110100001101000011110000011
00110110001001001110010010011011
00001011111001111010100101011000
00101000000010000101001001000101
00011001100010001011011111011010
00111000010011001110100101011110
00000111001011111011000100000011
01001011010010000010001011110101
01001011101010101001110110101010
00110100010010100011100110001000
00011011010100010011111000100111
00011010011000111101001111011010
00100011000011010011011110100011
00100110101010011110101110111111
00100011000000100001001011111111
00101010011010101110001010111100
00011011110110001010000001011001
00110110000111011111001000100111
00000000110101000111000110101100
01001011110100101101010011111001
01001011101011101011001000111010
00110100001011110001111100001011
00011011000011111111010100110001
00011010101111110101100001110101
00100010101011101001010001011110
00100111011000000110001001100111
00100001100101110011100101011110
00101100111010100100010011101010
00010110010011000011011111010011
00111101011001101011001010001001
00010110010000100011001101000001
01000010011000110100111101011011
00110010100101111110100001110110
00010011011001100001001101111011
00100011100101100111100111110100
00100011101011010100000111010100
00101000011000100111000111111000
00100000000000000010101011000001
00101111101010101100111001110011
00001111110101100000011010101110
01000100000000111011001110010011
00101100010011001011101010000010
00100001111010100001010111101111
00010011010011001000110101111111
00111101000001111101111110100110
00010110000101111101000011010101
01000010011100110000010000101010
00110010101111000011001010100010
00010011000101000110101011111010
00100011110101010110010000011101
00100011001010110011011110001101
00101001010011011011010111001100
00011110000101011100000010011111
00110010101111001000101101100100
00001000001010101100111111111000
01001001010000100100010000010000
01000000000000001010010101101110
00001110101000011110111100111011
00100011010111111111001110000111
00011001110100101000100011111111
00110110100011100010100001011101
00000010100011100100101011100101
01001011110100010101101110101111
01001100001011100000000001100000
00110101111101011010011110111110
00011111101000110101101010011110
00010011111001111110100010110000
00101000110011100110000111001111
00011010011101110010000000001011
00110111011001010010010110111010
00000100100010000010000111010100
01001011101111011010010101010011
01001100011111111001010010110100
00110111001000000001111101001111
00100010101110001000111101111011
00001110110000000100011000010011
00101100000100111101011010000000
00010010011001011000110100111101
01000000111000001110110110000101
00100001101111100100100111000000
00110100010100110000110011110110
00001110110100110011101100111011
01000110001000111100000001100110
00111100011001001110111110110100
00000101000001101000110101000010
00101000111001001010010000111000
00010010110100011010110000001000
00111111100011011101101110101010
00011101100111110000000000000010
00111010000011111110110011010100
00011100011101110001101000100001
00111001111111011101100110011011
00011011111011010000111111100100
00111010101011110100001111000111
00011101101010011101101100010010
00111000100010101101010010101100
00011000011000101111101001011111
00111110100110010100100110000010
00100111110000001000001000111111
00101001010001001001010011101000
00000111101011011000100111110101
01000110100110011011001101000110
00110111001010101001110000111111
00001001010011010111010001000001
00101001000001011010100011100101
00010110110111101000101110100111
00111011101000000111101000111101
00010001000010110001010100100101
01000110101010111000011011011010
00111110110100000101100100100000
00001011110111100101100111001111
00100101011100111010111100010001
00010111000110010011111111001111
00111010010011101110011011111111
00001101010100100101110100111100
01001000111011011011111111000000
01000101010100001100101111011110
00011111010111100111001100111011
00001111101100101000100111011100
00101100011010000000001000111110
00010001111111110100110000101001
01000001010100011001011010101000
00100011001101010111110110011101
00110010000101010010111111000010
00001001110111110111001010110100
01001000010101110000101101000111
01000010010001011011001111111111
00010101110110100111101101001100
00011100100000010111010000011000
00100001111101100111100111110011
00101001000100000100000010110111
00011110001100000000011101000111
00110010100001001110100010011111
00001000101101110000001110011001
01001000111110011111101100100110
00111110110111100100110101101111
00001011010101100110100010000101
00100101101110011001100001101001
00010110110001101001010110111111
00111010101111001111001001011010
00001110100110011011001001101000
01001000001110000001010111010101
01000011010001111010100011100110
00011001000011001111001101000111
00011000101011100101111011010110
00100101110010000000111111111000
00100001011110110010100101000111
00101100100110111111101110000111
00010110111010000110101011001100
00111100101010010101110000110010
00010011111101001000000110100100
01000100011100110011001110101010
00111000011011101110000100100000
00000101010101100100111101110100
00101010000000010111000111111011
00010011110000101111101010110011
00111111000010001010000100110110
00011011110010100111101010011101
00111100010111111100000111010001
00100010010110001110110111101101
00110010000000011100011100111110
00001001011011111010011100000111
01001000100000111110110010100110
01000010101111001101110101000101
00010111010000010100101110100010
00011010111000011000100110000100
00100011101001111110100011010000
00100101110011101011100100101111
00100100101110100011001001011100
00100111010000111000110100011000
00100010011010011001000101000110
00101011100100011010010100111010
00011001010101111000111101110010
00111001100101110100000001100111
00001010101100100010000010111100
01001010001100011110000101010100
01001000111001110011010111010111
00101010111110010010000000111011
00000101101001000011111011000100
00101101111101110001001100000011
00001000010010010110001001111111
01000111110010000000001001101101
00111010111011101101110010011110
00000000011100000000011101001001
00101001111010111001010000111011
00010010001100101001010011100101
01000000011001110000111101111011
00100000010110111000010100111000
00110110010101010100101111101111
00010011011100010001010100010001
01000011000001101100110000000101
00110011101111111110001001010100
00010000110011111010010010001001
00100101011100010001010101011011
00011111101110000110101111111001
00101111001101000010110110010101
00010000110010001101100011010011
01000011001001100001000010001000
00101001010001000011111011110100
00100111110000000010100101101011
00001010000111000101111010100101
01000101001000001111000011111011
00110001100110110011111111001111
00010110100010110011001011110000
00100000110010010001101110011000
00101001000111101101110000100001
00011101101110010110101111001110
00110011001100000011001001110001
00000110111110100011110100010010
01001001110100010100111000010000
01000010010010100010011101001010
00010101011101101101110000110010
00011100111001010111101001111010
00100001100011011000000010101010
00101001110101001011101010011011
00011100100100011111110110011101
00110100111110110100010100001010
00000010001111100101111110000010
01001011011000011000000001001001
01001001001100000010011111110111
00101011100110000101100010101011
00000110111111011110000000101110
00101101011000001011111110011111
00001001001001000011011100111011
01000111010000010101010100011101
00111000111010001011111001111110
00000100111010010101001001101010
00101001111101110001111100010111
00010011101101101010010100000011
00111111000100001111100000100010
00011011111001101110000100111111
00111100001111010001101101110010
00100001111111110100100110101010
00110010100001110100100010100001
00001010100100000000010010001011
01001000001001001000010110001101
01000001110011110011100001011000
00010100011110100001000000001010
00011110000000110110010010111101
00100000010011011011101001011101
00101100000110010010010011011100
00010111100111101001100101000010
00111011101110110000001101100110
00010001000110111101101111101110
01000110101001100000011110101001
00111110110000110010001010101010
00001011101110010000011100111111
00100101100011000101010000100011
00010110111110010000100000010001
00111010011110010010100011011000
00001101110011111111000010100110
01001000101010100110010010111000
01000100100100000010000110000100
00011101000000101011010101011001
00010011010001001001000010100000
00101010001011100111100010100100
00010111100101111101001001000101
00111011001011110101001110111001
00001111100101111011110000101111
01000111101001100011110110110001
01000001101001110000100011011010
00010100001000111101110011000100
00011110011000011010111101111001
00011111111000011101010001001011
00101100110110000001100110010001
00010101111011110100111000111000
00111101110000011100011011100101
00010111011001011000101101010110
01000001010001100011010110100010
00101111011111011010001110110101
00011010001101100110010000000001
00011101001110000000100101111011
00101111011010100110001001000011
00001111100100000100001101010101
01000100001000111101001101111011
00101100110010000110010001101111
00100000111100001111100010111010
00010100101011101010010000001010
00111011011100001001111100001110
00010001001011010011011110000010
01000110100000011011101111110001
00111110010100000000000101010001
00001010011100011011000011100001
00100110010110010100110001101001
00010101111011011101011010000010
00111011110100000111001011010110
00010001110110011110000000000100
01000110000100000110111000110100
00111101000011011011001111101010
00000110111011011100010010000110
00101000001010010011010101010111
00010011101001000101011111111111
00111110100101110100111111110111
00011010100001010100111000110100
00111101110111001001010000010110
00100110001111001011111101100010
00101011110100100100011100100010
00000011000001110110011000101101
01001000100010010001101110101010
00111111000100010011010110011011
00001100000011101101101000101100
00100101010001001111011111011010
00010111010111001011000000001111
00111001111101110100101100110110
00001100010011101101111001010011
01001001011011111010111010001010
01000110110000011010001010010111
00100011111101001111010110001101
00001000000000101001000111111111
00101111010011111000000101110100
00001001011011110011100110100110
01000111101101010000100000110001
00111010010101101100000000011011
00000001001011010100010010110000
00101010000100100000100101010100
00010010011000101011001111011100
01000000010010010011111110110110
00011111111100101111100101010101
00110110111010100100001110101001
00010100110011111111100110000001
01000001111001111011100010010010
00110000101010001100111110000001
00010111110000110011001101001111
00011111101111100111111000001000
00101011000100001001000001100101
00011001100100010100110011011110
00111001001010110111101111000101
00001001011111100101000011011011
01001010101000111000010000101101
01001010000110000001111000110011
00101110111100111100100101011000
00001110011001110100111101010110
00101000101001010110010000101111
00010000011110101001010011001110
01000001011010111001001110111100
00100011111110011110100101011010
00110000110101001001000100001101
00000111001100010111101111101101
01001001000010011101001111011110
01000011110110100110011001000100
00011010100111111100100001000000
00010110100110010110101000101011
00100111100111110001001100011001
00011101100000101111001111001001
00110011000010001101100010010001
00000111010010000110000101110000
01001001101010110101001110000110
01000001101011110010010101001100
00010011101000011100001000100010
00011110110110001100101010000110
00011111010111011001000111101000
00101101110000000100111111001100
00010011110110011000000001001100
01000000000100110101010111100011
00011110110111111111110010110001
00111000011011111101110110101011
00011000011110000111011000101011
00111110011110001000101100111111
00100111011001101100010000001100
00101001111000011001101100000111
00000110100101011100101010100011
01000111001001101000011010100010
00111001010100110110100001100000
00000011110000110001010110001011
00101010000100110001000010111110
00010011001001110011011010110100
00111111100111000100101010000010
00011101101100000111001001100000
00111001111110111111001100111110
00011100010001011110001111100100
00111010001110010111000011011111
00011100100000001111011010011101
00111001111111010001110000000101
00011011111011100000000011000111
00111010101011011100111011011111
00011101101001100001111101011101
00111000100011111001100000111010
00011000011011101000001110000001
00111110100011010111110100101010
00100111101000010100100110101101
00101001011110110100000100111000
00000111010011001010010000100100
01000110110011000011000010001011
00110111111011110101110100000110
00000111010110110010100101011100
00101001100011011001101100011001
00010101010000010110001010101000
00111101011101010111011010001011
00010110101111001101110000100111
01000001111001100001101001101110
00110001001101111010101011111111
00010110011110100100101101010100
00100000111110001101101110111111
00101000110100000000100101011011
00011110010111110111000000110001
00110010001011100011010010101011
00001001100100100100111110000100
01001000100000011100011110000100
00111101000000011100010011001010
00000110000011111111001011001011
00101000011100000111100100111101
00010011010111111111100101001110
00111110111010110101100100101011
00011011100100011000110111110100
00111100101000001111110110101111
00100011000000010100000101001110
00110001000000110010011101011001
00000111010100011111001101100100
01001001000011001011110001101111
01000011111011100001111010010000
00011010110111011100110101011110
00010110010001011001001111001101
00100111111001001101001111101101
00011100111001111000011010001101
00110011111100110000011110011011
00000100111000110100100101010101
01001010101000001101011110111110
01000101101111100100001110000100
00100000010000010111011110101001
00001110001111100111000000111110
00101101001010011001011010100011
00001111111110000110101000100110
01000011001010011010010100110101
00101001100011100001001001101001
00100111001100011001111011101000
00001011000011101000011110001100
01000100011111011100011111001111
00101111010000110011000111100101
00011011101011111000100011100010
00011011011011000001111010000001
00110010001111110110011001001010
00001000100001110010100000101101
01001000111110001000001010110011
00111110111001111001111001100011
00001011011100100101111100000001
00100101101001111101010111111101
00010110110111011010001111011011
00111010100111101110011100101100
00001110001111111111011011000011
01001000011010111110000011101101
01000011110111001011001011101110
00011010110101100111111100110110
00010110010101000000010010111010
00100111110101111110010000110000
00011101000001000001011000011010
00110011110010000100101100101001
00000101010100111111101011000110
01001010011110001111101100100011
01000101000100001101101100101011
00011110000110000000110111110000
00010001100111001110101110110110
00101011010010100100000011100100
00010100110111110000010001001011
00111110010111000011000011000001
00011001011110010110001101111111
00111111000100100000100111010011
00101001011110000111010100001111
00100110001000010111110101011000
00001101000000110100001011001011
01000011000100010000110111100111
00101010001000111011000000001010
00100110000001000010000000100001
00001101000001000110100100110001
01000011000001111000101010111110
00101010000001010110000111001001
00100110001111010010110111011011
00001100101001110101000010001000
01000011010100001100101010010001
00101011000010000111001100101000
00100100010011011001100101011110
00001111101111010100100000100010
01000000101011010100101001110010
00100001111011010011110010101000
00110011111110001110111111100111
00001110000001001000111111010101
01000110100101001011101010100110
00111101100111000101101100001110
00001000011000010001010100101001
00100111011110001110011101101000
00010100011111101011011100001011
00111101100101001000110110110101
00010111010100010001110001111000
01000001010011110000111111011000
00101111100100101010100101000010
00011010000010100001101110010111
00011101011010000001010000110000
00101111000110101111001000000011
00010000010011110000100111000000
01000011011111010010110100111011
00101010011111000100010100111011
00100101011101000111110100000000
00001101111010000111010101000010
01000010010011000011101001111011
00100111011101100110000001001010
00101010111010101001100001001111
00000100100000010101000111001101
01001000000000001011100111100011
00111100110100001101001101100001
00000101101010101001111010100101
00101000100110110001001000111010
00010011001011010100100010101001
00111111001001100000011100011110
00011100010011101000010001100010
00111011101110101001100101110110
00100000101011101010000111111001
00110100011011110110010000011111
00001110110001110111100000101010
01000110001101000110111010110001
00111100100110000110010100010110
00000101100100111100100001111110
00101000101100100000100000001110
00010011000010000100101000100101
00111111010011100001110111101001
00011100110100001010111110100001
00111011000101111111101100000001
00011111000011111101001111001101
00110110101010111010100110010111
00010011111010101011001000110010
01000010101100000100011110101111
00110010110101001010010010101000
00010010111011000111101011111000
00100011111100011011010011111000
00100010111011110111111101010111
00101001101110001000101001001101
00011101001100111000001000111001
00110100000101111010010001110101
00000100101000001001110000000001
01001010101110101011101001111111
01000110001011010001001111010011
00100001101001011110001001011000
00001011111101010111101001010111
00101110001001101010111000000001
00001101001010100001100111010010
01000101011000010010000101101000
00110001100000011000111001010111
00010110110110100100010011001000
00100000011111001000000101111010
00101001101011000000010100111000
00011100100011111110111100101111
00110100111100011101000100001110
00000010010101010100011010000010
01001011010111000011010000000101
01001001000101101000011100001011
00101011010000011110000111011111
00000110010001011100110011101110
00101101101101000000100110001000
00001000101010010100000110111000
01000111100011011011110000000010
00111010000011011110100001010011
00000001111010001001111011111000
00101010000110100100111110110101
00010010100010101000110001011100
01000000001010010010101111101110
00011111100001100011111001110010
00110111100000101011111001100011
00010110001110101101011100100001
01000000101001101001110101010100
00101101001111001111111001010000
00011110111011100111011011001110
00010111100011111000110011111101
00110111110110000111110000101100
00000110100101001001000000001100
01001011010101110101111010101000
01001011101100011111100001010011
00110100010111111100110011011010
00011011100010000111110101000110
00011010000101100010110111001000
00100011010111000101100111101101
00100110000011111100000000010111
00100100001011111010011001100001
00101000010001000101010110011000
00100000011000000101001101001000
00101111000100000101111101111110
00010001010010100111111100011100
01000010101100111000111000110000
00100111101101010101100011110110
00101010100101000111111001000110
00000101000110110101010101001011
01000111110001000001111111100101
00111011110101011111101010001111
00000010111101011110111001001100
00101001011100101011000001000110
00010010010111011000100010110001
01000000000111011110011111111000
00011111011100011100111000101100
00110111100111011001011111010111
00010110011110101100101000101001
01000000011010111000001101111000
00101100100111010000000110000010
00100000001011100110000011010101
00010101111001010100111010101000
00111001111111111000110110111100
00001100110101011111101100001010
01001001001000100101110101100000
01000101110111111111111000000011
00100001001000101101000110100101
00001100110110100011001000111010
00101101110010001011010110011101
00001110001110011010001001001111
01000100100101100100000100001110
00101110100111101010100101010101
00011101001000011011000100101111
00011001101011110111111000101100
00110100110110010001001100101100
00000001101101011101001010101000
01001011011000111110110010001100
01001001011000011011001110010010
00101100010000100010111110111111
00001000011010110011010100000010
00101100101010011000111101100001
00001010001110100000100101111001
01000110100010111111110100110010
00110110001110010110011110000000
00001011101101010001011100110010
00101000000111100011011100001011
00011001010100000101010010001101
00111000100101101101001100101000
00001000000001001001011111101000
01001011000100100100011101111110
01001011001011000100100111110011
00110010100110101101000001010100
00010111000110001011010111011001
00011111111001001011110011011110
00011100110010001001111111010011
00110001101101100111100100110000
00001010001100010011000111100010
01001000000101000001101010001110
00111011010111011010010000001011
00000001100011010000001100101110
00101001101111010000100100000101
00010010001110001000101101010000
01000000010100111111111100111001
00100000001000000001011100100111
00110110101010011001011011000111
00010100001101110000110011011100
01000010011001111010111101011100
00110010000010001001101111100101
00010100101110100001010011010111
00100010100000010000010100001110
00100101110111000000101010111101
00100100010010100000111100011110
00101000000001111101110110000011
00100000110110100100101110001101
00101110010000110101110010011011
00010011001100000111110011100000
01000000110101011010000010110010
00100001010111101111101010100110
00110100111001011110011110010001
00010000001000011001010110101110
01000101010111001011001010100001
00111010001111010000010000110101
00000000101111111010000111011011
00101010000111101011011011111101
00010010001010001011110110011010
01000000011111101100111000001111
00100000101001100101110001001111
00110101111010100010010110000010
00010010011101110001100111110011
01000011110001010011100111000010
00110101110011111100111110001101
00001011111010111100111111000101
00101000000111111000011000000110
00011001010111100100011111000111
00111000100001101001110001011111
00000111110101010101010010000000
01001011000111110000001100001111
01001011010010110000011100000110
00110011000000111010000100001100
00011000000111000001101111011011
00011110101001011010110011101110
00011110010011110111111010111001
00101111001110000011100011001110
00010000010100111001100110110100
01000011100000100111011001100010
00101010100010111010100110000001
00100101010101110101010101011101
00001110000101110000111101110010
01000010001001001101010111010100
00100110111011011101100111011101
00101011110110100010100000000011
00000010110000100000101101001110
01001000100101001110011000000110
00111111010011100011010000111100
00001100110000000101110011011011
00100100110010110011101011001111
00010111111110110011011000100100
00111001001000100111111000110011
00001001111000000000000100111001
01001010011101000110000010110100
01001001100100000101100101100011
00101101001010110000110110111100
00001010011000100101010010010110
00101011100001010111111110100000
00001100000000000000100111011010
01000101010001110101100111111101
00110001100001110000010001110000
00010110110001011101010011010101
00100000100100001100010011100011
00101001100001101110110110010000
00011100110111100111111110110010
00110100011111001011010110000001
00000011100011101101100101011110
01001011000011011010111001110000
01000111101000110000101100011001
00100110011010101010010111011111
00000011011100101111001100101010
00101111110011001101110110110100
00000110111110001110001100110000
01001000110011011000110001011111
00111110110010111111111111001011
00001011001011011011011010100000
00100101110101001001101110110111
00010110101000101101101011010110
00111010111010110010100101100100
00001111001001000010000111101111
01000111111001010011111000010110
01000010010110001100010100000011
00010110001110000000001101111000
00011100000110101110100101101011
00100010011000101100001110110011
00101000010000111010010110011001
00011111110101110101110000101110
00101111110111101100001000001010
00001111010101010011010010001010
01000100011100011001100010101011
00101101110100111001101010010001
00011110110011111001110010110000
00010111100011110001110000010010
00110111110011111011011110110101
00000110011111011011001110010000
01001011010110111100001000100111
01001011101110101010010101011101
00110100011111010101011101001110
00011011110100111101101001001110
00011001101010110101000111111000
00100011110001111010010100000110
00100101001111000110100011111100
00100101110001011001110100000011
00100101010000111011100000011111
00100110010100011101000001011010
00100100010010110101011011010111
00101000001010010000001110101110
00100000100111000011110111100100
00101110101011001011100001001000
00010010001101111110000111010010
01000001110011111010101101000100
00100100101010001101011110100100
00101111110010000010011000011110
00000101000001001101110000101100
01001001010110001111011101010111
01000100010000111000010000111101
00011011110110000001110100000000
00010100111010100100101111011111
00101000111110100000001001111010
00011010011100001101011000001111
00110111011110100000110011111111
00000100110000000111010001110000
01001011101101111010001010110001
01001100011110110001100010101000
00110111000100011100111110111111
00100010100100100010110011000101
00001111000000110000101001111001
00101011111100001010110110100101
00010010110000100100010100001010
01000000100001010111011010110110
00100000100011000111101011111100
00110110000100111100011011011110
00010010110110001110111100000001
01000011011110111111100101100111
00110101000001000111001100101010
00001101110101000001110010110101
00100111001101010011001110110011
00011011101001010110001111001101
00110101011010100011100100001100
00000000111000100001110110000001
01001011100111000101110101101001
01001010011010010110010011101111
00101111110001001010001000110100
00010000010100000101011000011001
00100111000001011110100010000001
00010010111100010101101101111010
00111110111000100010001001111000
00011011100101111000001110101100
00111100100101101000000101010101
00100010111001010011000001000011
00110001001011100001011010011100
00000111101011001000110110011001
01001000111110011011010100101110
01000011110010000000100100100010
00011010011010100001110101100111
00010110111000011100100000001110
00100111011000011101111000100100
00011110000010100011110110011000
00110010001110010011111110111111
00001001010111101011010100111100
01001000100111000000110011100010
00111101011010101100101101011111
00000111001101100001000111001001
00100111111101010100010010010100
00010011111100000110010110100110
00111110010000010000011001010101
00011001011100010111011000111111
00111111000100110101111001100100
00101001011110100000010101011100
00100110000111101101011110011111
00001101000001111000100010000001
01000011000011011010010110010101
00101010000101111010101111101100
00100110000110101110000001011110
00001100110111110101011010100010
01000011001001001110100100110110
00101010011011010000111101001010
00100101011110000101100001001110
00001101111001100011101111101111
01000010010011101101011010000101
00100111011111110010101111001101
00101010110110110001000100010000
00000100100111011111011011111001
01000111111101011110111000010110
00111100101000111011100111010101
00000101001011010011001100101110
00101000110010001000101100011010
00010010111110111111101101010001
00111111010111111101110001010010
00011101000010010010110010101011
00111010110100001000101111101010
00011110010110101111000100010010
00110111100110110010110000101101
00010110001000001100111010100001
01000000110010010001000100011100
00101101100111011110110011110111
00011110001010011111000111100101
00011000100011000111101010010010
00110110011111111011100001101110
00000010110010110010000011111001
01001011110001010110001000011001
01001100000101011001110101111010
00110101101000100000100001010111
00011110110010001011011000101000
00010101010000011001000001111000
00100111110000011100101000000101
00011100110110110001001011100000
00110011111110010110100101000111
00000100110011111111100101001001
01001010101001110010100001001011
01000101110110100011001011100110
00100000100110110010101011100110
00001101101011010110011010111111
00101101011011011100101111010011
00001111001110111100010100001110
01000011110010000101111001111110
00101011101111011100001000001000
00100010111111111110111111100100
00010001101101011011001000111100
00111110101111001110010101001000
00011011100010000101010111000110
00111100100111101111110010110110
00100010111110001100100001010111
00110001000100000111101001101001
00000111011011100001101010001100
01001001000001101111101011001110
01000011111000101101000010010100
00011010101110110111011101110111
00010110011101000011000111100010
00100111101111100010011111100101
00011101001111011101100011101100
00110011011100011000100011111101
00000110001101111010100100101010
01001010001000010011010111101001
01000011100110100011001011111001
00011001011111111011010100111110
00011000000011010101101100001101
00100110010111011111000011101101
00100000001111101100100101001010
00101110101100010101110010100001
00010010000100011010101001011100
01000001111100011010001001100111
00100101000111010110101101010001
00101111000010000101010011100000
00000011011111001010011101101100
01001001011011011100011101101001
01000100000101011001101101010100
00011011001111101101011100110001
00010101101111100110010110010011
00101000010100110111100010111000
00011011111011100111111010111001
00110101011000001010101111010101
00000001000100000000000101110010
01001011100101110110011011101111
01001010010010100000000010000011
00101111010110000111101010001011
00001111010101010100101111001111
00100111111000001111010110111101
00010001101001101011010111111101
01000000010000000000110001111001
00100000000011111001100001110101
00110110101111000111100011110001
00010100011000101001111111000011
01000010010000111100110000000111
00110001101001011101100100100100
00010101100101101000101111100001
00100001110000111000011100111100
00100111010011100000011011111110
00100001011100101010001001001001
00101101000111100110000010010010
00010101110100110000110000000111
00111101111100111110011110100110
00010111111111111010110111001110
01000000101010011010100100110000
00101101110011100001100100000010
00011101101110010001010011111000
00011001000111001100100010001101
00110101101101011000100110110010
00000000100111011111100001001101
01001011101101010101110001100000
01001011001101010111010111100011
00110010100010100100100100000011
00010110111101000011000111100001
00100000000100010011000101011111
00011100100100001100101100011101
00110010000011110000001111111110
00001001010100001111001110111100
01001000100101010110101011110101
00111101010110000100110101011101
00000111000000101011110011100101
00101000000010111111011001110000
00010011110101010010011001000010
00111110011000010100100101101110
00011001110110000001010010101111
00111110101000010110110110101110
00101000010010000110001011101100
00101000010001111001011110110001
00001001011010010101100110101100
01000101100110111010100010011100
00110011011000001101100101101100
00010010011111000001101000010101
00100100001010100110001100010010
00100010011011011100100010011101
00101010100111001110000011111011
00011011010010000100101011110111
00110110111001111101011000100000
00000011000001001011101101100001
01001011110111001100000100100110
01001100011110100010001010000010
00110111000000110011100010101101
00100010011011000010100101110011
00001111010001010000010011011011
00101011110011010010011110101101
00010011000111110100010111000000
01000000001010000000111010100011
00011111010101100100010010010001
00110111110010010011111011101010
00010110111001001100000000100110
01000000000001111010111100000000
00101011100011111001101001000000
00100010001111100110000000111111
00010010111111100101100110010101
00111101011001110111111101110110
00010111010000100100010100001000
01000001010100011100100000001111
00101111100101101000110110001111
00011010000000100011100110010010
00011101011100001000110001011010
00101111000011001101111111001101
00010000011100001011001010011101
01000011010111110001000001100001
00101010000100101100100110000100
00100110001111001111010100100010
00001100101000111011000011101000
01000011010100101110000010100011
00101011000100000010001001100111
00100100001111101010111101011100
00001111110101000110001111100111
01000000100101111010111010000110
00100001101001001011000101100011
00110100011001011001011010100011
00001110111110010010011001111010
01000110000011101100010111101111
00111100001010110011101100011001
00000100011010010110111101010110
00101001000110001100011111100111
00010010100111000110010111001101
00111111110011000101011000100101
00011110011010011101111100110011
00111001000001001001100101011010
00011001111000010110000010010011
00111100111110100101001111100111
00100011011111101100011010001100
00110000010011100001101010000111
00000101110110011100001100101011
01001001010010101100110000010101
01000100010100101001010111010000
00011100000011001011010011011111
00010100101000001011101010110000
00101001001100100000010000100010
00011001111011101010101110000011
00111000001010101111100111010011
00000110101101110111010110000101
01001011011001010011011111011001
01001011111011010111100000101111
00110101001011111000101100000001
00011101100111010110101011001100
00010111000011001000000111010010
00100110001111011111101111000010
00100000001010110011110010001000
00101110110001010101101001001110
00010001110111111110101000101101
01000010001000011010001000110111
00100101110000010011111101100100
00101101111101101010000110001000
00000001010101111111010101110110
01001001010110011110110001101111
01000011001011001000101110001010
00011000011000000101111001101010
00011001011111101101110011100100
00100101000001100001110111110100
00100011000011100111101001100011
00101001110110001000100000011010
00011100111111100000001001101001
00110100011010100101110110010001
00000011110001011000000000000000
01001010111111101100010100010111
01000111010111100001100000110101
00100101100001111000011101110010
00000101000111001100011001111101
00101111101110110101111100101001
00000111100111111110001111011010
01001000100011110000101100000101
00111101110001000111110100001110
00001000001111010111110110000001
00100111011110101100001000000110
00010100100001011111010001100110
00111101100011100010001001111111
00010111001111000101111111110000
01000001011000111100111101101010
00101111110011000010001010000000
00011001100011111001011001101001
00011101111010110101010010100110
00101110001111110100101111011110
00010010010110000000100000111000
01000001100100110011101101111001
00100011111001001011000001010011
00110001000001000100100111110011
00000111100110001100101101101001
01001000111101000100000101000111
01000011101011110110101100010010
00011010000111010110101111101110
00010111010001111100101011001000
00100111000010100100010011011000
00011110110010100011001101000100
00110001000011001011001110100011
00001100010101010001100000010100
01000110101111110100110100010010
00110110010000011111101001011000
