00000001110001111100011110110000
00001100010111011101010001000111
00010010110001011010101001010111
00000110001001100000100110111101
00000100000110110111101010011101
00000001101000100110000010011101
00000110110111000111011111011101
00001001111000101100101000100100
00000011010100011001101101110111
00011010010011011111110011001000
00100011100010000100101010001010
00100101011100110001111000110111
00000110101000011101101101000000
00010100111110001001011001001101
00000111110101110011000101110110
00000110010000011110010110010000
00000000010000110001001000011111
00000101000110111011111001010100
00001001011001111000010101111010
00000111101100101000110001111111
00001100111000110011101000001010
00101100110110011000111001000010
00000001110001101100000111111001
00100010110111100111000000101100
00001001001101011111101010010001
00010000100011011110000100000010
00000110011110011000010110011000
00000010110111011100110100111011
00000010101011101101001101101101
00000111101111000000100101100111
00001001101110110100101111010101
00000000010100100101101000111110
00100001110010001001000100011011
00010111000111010111001001110001
01000000000100111010000100001011
00001111101110101000111111101110
00110111100111001011100010110100
00010011001110001110000010001100
00001001010010001100001110110110
00000101101101110100010111111101
00000000000010000010101100111110
00000101010101011100011100101010
00001001100000010110100001001111
00000111010010010001100001011100
00001110011101000100101101101001
00101100101011111011111001001010
00000011001011110100011010101110
00011100010111110001111000110100
00001001001110011110010010110001
00001100000100011010110001101100
00000100010011101110111010101111
00000000100010010111101110011100
00000101111000000001011010100101
00001001101100111011011011101111
00000110001000001011110101001111
00010010011010011010010111010111
00101011000110010001101101000111
00001010101000101000100010111001
00010001100010101010000110100001
00000110111111100101110000100010
00000011101100100010101101011111
00000001111010101110110010100001
00000111000110110110000111011101
00001001111001000000000000100000
00000010011101001110001001111101
00011100010111110100000100001000
00100000101100001000101010110100
00101101100111111110101100011000
00000001110001010001101101100101
00100000111011100110000111010111
00001001011010011011101010111101
00001111010001000001101010000100
00000101111100011010001010111000
00000001111001011100111010111011
00000011100101011011010010001111
00001000011010011111001111001111
00001001010000111001001110000011
00000100010100010000110010001100
00100111010111111001000101100000
00001011000110101000100100110111
01000101000010110101000010001011
00010011101001110101010000000010
00100001000100110111000111110011
00011001110111110011111111111110
00001011001000111110100111001111
00001010000110111011110100010111
00000011011100100100010101011100
00000001101111001110100100111011
00000110111101011111111010011010
00001001111100001000101000110000
00000011000111101101100110011000
00011011000011111101100010010011
00100011000010010001110100000001
00101000100010011010110110001000
00000100111100011001010111011100
00011001010001010111011010100000
00001000110001010011011111011011
00001001101011110010100001000000
00000010110011110011011011011101
00000010011001001001110100011001
00000111100001100000000101101111
00001001111001110111001101100000
00000000111101110101100010010100
00011111111000000001000011010111
00011011101000101100011001100011
00111011001101000001000001001111
00001010010110010010011111111100
00110110111011101100101101100000
00001010011100010000011010010010
00001100101111110001000110000000
00000100110101110011000111000011
00000000000110101110110110111010
00000101010001100111100010110001
00001001011100100101010011010011
00000111010011000100001001010011
00001110001001010000001110101011
00101100010101111111011110011001
00000011000100100010101011000110
00011101000111000110101010011011
00001001010001101010010010111100
00001100100111111010101010010111
00000100100111101100011110101011
00000000000111001111100110110100
00000101011110110000110110101010
00001001100010100101110100101000
00000110111011001111111101111100
00001111100100001011110110010000
00101100000111110100001001100001
00000100111001100100011110011111
00011000010011110001011101010101
00001000100111011001101100111010
00001000111010111000010110000001
00000010010010001011111000101101
00000010111111011110001110101010
00001000000000100111100011000001
00001001101110111101010101011010
00000001011000010111001001001111
00100100000100011110011100010000
00010011100110011100001110101110
01000110110110101111011010100111
00011000100110001001101000111101
00110110000001100100000100011100
00101100010100001010101011001001
00000001111110111110010000011100
00110100110111110111011000010011
00000001010101101001001000110101
00010111101111000001111011101100
00001000101111000110001000111110
00001000011110011101010111010010
00000001111111110001010010100001
00000011010100000110000000110100
00001000010000011110110000111011
00001001100101000001000011110100
00000010110011011011011111010100
00100110001001101001000001101000
00001111001000100100101000011100
01001001001001000010111110011000
00011011000000110101110101110100
00101001010110111010001111101100
00110001001000001011011101000000
00000001100100010110000100111100
00101111101001100011110110010110
00000110010110000111110111100001
00010100100110001101110100001111
00000111101110101110000100101011
00000101111101010101001101001011
00000000000001000101010001000001
00000101010110001110101110000110
00001001100001000110100011011100
00000111010010000010010111010100
00001110100001001111100100100110
00101100110000000111110111110110
00000011001101110100111100010001
00011100001101010110101101111010
00001001001101100101110101000110
00001011111100100011010110110101
00000100001111001100010010101011
00000000101000011001110001001100
00000101111101100110011001010010
00001001101110111010111111010011
00000101111011101110101110010100
00010011000100000111001000001010
00101010101111110100010101111001
00001100010011111010011111011010
00010000011100100010110010000111
00000110110011001000101000000111
00000011000000100000111110111110
00000010100010001011000110001101
00000111100111100010101110011010
00001001110010010101001100001101
00000000010001101011111011011011
00100000110001011101101000011110
00011001001010000111100110101101
00111101010101001010001101101000
00001100100100100010000010011100
00110111000000100100111001010010
00001101101100111011010111000101
00001011010001011000010011001111
00000100101011001110010001101110
00000000011011101000010111101000
00000101110001101110100101000101
00001001101011001000000000001111
00000110010111011010111000110010
00010001101010011000010101110001
00101011100011011110101100010010
00001000110011110110100000010000
00010011000010001011110001010010
00000111010110010100011101010001
00000100110000110110001010111010
00000000111111000000010101100111
00000110010010010101111111010100
00001001110101010010000001101010
00000101001001001111001111000101
00010101100011101010111101000001
00101001000000101011000000111000
00010011110011101100100010100001
00001101001100111101001101100110
00000111011111110110000101010110
00000010001110010101110100011111
00000011001011111011000100000111
00001000001001001010101011110011
00001001100101010111111011101011
00000010010101001001110111010001
00100101001101101010100011001001
00010000100110110101011100101011
01000111010010101100101110101111
00011000100101100010111101001101
00101101111001010000001011111110
00101010110010000110001111000101
00000010100100010001101100111110
00100011011110011000100010100101
00001000111100111110000001100011
00010001000101011111100000010000
00000110101010011111000000100010
00000011010000101101110100000001
00000010010100100110001000000010
00000111011100011000011100111101
00001001110101001000111110000001
00000001000011011100101100001001
00011111010001100100011000101001
00011011110101101000101111111110
00111000011001011110110110111010
00000111010100011000111000001000
00110001101111101000110100000100
00001001100001001000100100110111
00010000100100001011000001010000
00000110100000011111111011001110
00000010111001000110000001001011
00000010101010000110101010010001
00000111101101110000000100010101
00001001101111011010000000111001
00000000001110001001001000010010
00100001100111010011110110011000
00010111011101001011001001010111
00111111101000111011000011100001
00001111001101110000111000100111
00110111101001001000001101111011
00010010001011000011001010111101
00001001100010010001000010101100
00000101010100000110000111000001
00000000001111111101110110101010
00000101100110101010110110100110
00001001100111100110101010110001
00000110110000110100001000011101
00010000010111011100001110001110
00101100001101010101110000110111
00000110000100110011111001111110
00010110001110001011001011101000
00001000001010000101100111000100
00000111010000001110100110100101
00000001000011001111111100000000
00000100010100001000011010000000
00001000111101000110111011100010
00001000110001100000110110101000
00000111111101001011010100110111
00101011001110110111000000011011
00000011101100101111010111001000
00111011010100110111100000001001
00000100111111011011110111111010
00011000110000001110110110011000
00001010001010111100001000110010
00001001010100100110000001111100
00000010110001110001001101001011
00000010011110011010110010100001
00000111100101110001010110110010
00001001111000011010011011101101
00000000101001101010101010100010
00100000011101011101100011110001
00011010100001100110111111101011
00111101001001001001010001101001
00001100011111100000011101011011
00111000111010100110001010000010
00001100101000010110010001100010
00001010011011001011110100111100
00000011111100010110000111101001
00000001001111010001110100010011
00000110100001000110101011110101
00001001111000110000100110001010
00000100100001001010000100110100
00010111011001001001101000111010
00100111010110100010111110100001
00011010001111100000011111100100
00001011000110100010010000110101
00001010010101101001000111001111
00000011100101000111110110010110
00000001100100110110010110111110
00000110110100010111100001110001
00001001111011100010101100111001
00000011100110010011100111000101
00011001110111010111010000100001
00100100100101010101000100010010
00100011101111111001100101000001
00000111011010100010000001001111
00010010111011111101011011110000
00000111001111011000000010010110
00000100101001110111110110001111
00000001000101011101001111010110
00000110011000001011011111000101
00001001110110011001110000000100
00000100111000110000100110000000
00010110010010100010110000010100
00101000010100101110111110101000
00010110010011111100111010011100
00001100011000001111100000101011
00001000010101101000111111111111
00000010100100101110111011000100
00000010110010001101100000110011
00000111110101100000011100001100
00001001110001100111110010110010
00000000100101100110100110101111
00100010100110100100001110001010
00010110001111100011100110111101
01000011001010110000101101110010
00010011101110101100110011110011
00111001101011010011110101010001
00011100001110110110000000101001
00000110111001010100011010010000
00001101111100101101010000100001
00000101000101111010111101101001
00000000101110010110101011101101
00000100101100011101110110001111
00001001001000010110110111010111
00001000001001100011101100100111
00001010011011011010111110100011
00101011101111000111010000011100
00000001111100001000011100100001
00101101001101100110101111000110
00000101111111100011001011101111
00010110000011101111000110111001
00001000000111100100110001110101
00000111000111111001001110100101
00000000111100110010100011001100
00000100011010110001001111110010
00001001000001001111100000001010
00001000101010000100010000001110
00001000100011101011001000010010
00101011100101110001101100100011
00000010111101100000001001000110
00111000011000010010010100100011
00000001111011001010011100111000
00011000100001000101110100000010
00001001011000010100111000010011
00001001000110011000000011111101
00000010100000100011110000110110
00000010110000011100000001000010
00000111110100100100000001100001
00001001110100000001111010101101
00000000011011001000011111101110
00100010011101001110010000110011
00010110110011100111111010100110
01000011001011100111100001000011
00010011110101000110011100001100
00111011000000111100001010111101
00011100001000000111000000101001
00000110101111110111111111111011
00001110010110100100000111000101
00000101010010010100100011100110
00000001000010000101010111001110
00000100011001111000010010110001
00001000111101001110110110110011
00001000100000001100111011011110
00001000101100111101001010100101
00101010111101000010101001001101
00000011001011011001110110011100
00110101011110110011100100010110
00000000010110000011101000111000
00011000110101000111001001001101
00001001000101110001110111100110
00001001010100110000111110011000
00000010100111011110000101011011
00000010101000000010101101011111
00000111101101110010000001010010
00001001110110100011100011100011
00000000000110000001101100011110
00100001100010100000111010010110
00011000100101110010111111101000
01000000101000000111101000001110
00010000101000000111110111111011
00111011010101111010111101000110
00010011101001111010101110000110
00000111100101000001100111001110
00000101010000101010000011000100
00000000100011100000100111001111
00000101111001000001011011010111
00001001101110100010000010100011
00000110001001101001011011001100
00010010011110100010001101000001
00101011010010100001111101110001
00001010101011110100011110110011
00010001011111110000000000111100
00000110111110111000100000001001
00000011101010100010011111010000
00000001111100100001001100101110
00000111001000010111001011000001
00001001111000110111000111010000
00000010010111010110101100001011
00011100100100110011011110110010
00100000011000000111010100110101
00101110011010101001110101010100
00000001001101011111000010110010
00100010001101010000001101000100
00001001011010101000110001110111
00010000000010001010001010001111
00000110010001110101000011110011
00000010011110110011011100011000
00000011000010011111010010000011
00001000000000101110010111100000
00001001100101100100110111010011
00000001110011001101110000100110
00100100001000011100100010111100
00010010010010000100001011110010
01000100110011110100001101111001
00010101010101100000110100100111
00110001100111101111110000100100
00100001101001111110000010011010
00000110101001110110001011111011
00010011001000010100011000010010
00000111010001101100110100000000
00000100110010110110110101011101
00000000111101110011101101111000
00000110010001010000010010100000
00001001110101000001111101100111
00000101001100001011001110110001
00010101011011000010001000101100
00101001001000001000101110100000
00010011010111000001111100001000
00001101010110110001111010010000
00000111011000011000011110100100
00000010001100000110110010100000
00000011001110100101000101000110
00001000001011000110010011110101
00001001100011101101011001011101
00000010100001100001101001001001
00100101011101101100100110110100
00010000000001010111000111011101
01000111011000111101010010110010
00011000100101010010101100011001
00101100010011011110011011100001
00101010010000010000111011010111
00000011000000111000100001010111
00100000110011110101111111011011
00001001001100111001101110100101
00001111010100111001101011110110
00000101111100110000111010000000
00000001111011011100111110100000
00000011100011100101100101111111
00001000011001001010010100110010
00001001010010001000110111000000
00000100001011011000000000001001
00100111001101101100110000100011
00001011011101010011001010011010
01000101001111010011010011110110
00010100000011011000011011011111
00100001110000111000011001101101
00011010111001100011110001001010
00001010111001101110001010000000
00001010110000011111010001111000
00000011110010111111111011001011
00000001010011001010100101010010
00000110100100100110100100001001
00001001111001011010100001111011
00000100010111000001110101001001
00010111110101011111111011111010
00100110111001100110101101011110
00011011111000110011010110010111
00001010100010111101111011101111
00001011011100000001001000001011
00000100001000101010111000010010
00000000110110010111111110001111
00000110001010011101010111110011
00001001110011001010111000001001
00000101011101100010000010011011
00010100100101111101100111001101
00101001110001100000000100110001
00010000101101100010111011010010
00001110010101010011101000110001
00000110111001000100000110010011
00000010001011000110100001111101
00000011010001110010100001000001
00001000001101000010011011101100
00001001100000010100011011000111
00000010110010110001111111101101
00100101101101110001100110010111
00001111001110111111001001110101
01000110111110101110010011010001
00010111110000011101110111010010
00101010010001100110111001100000
00100111000001110000010110101011
00000101000110101111101001001100
00011001000111001011111000001110
00001000101111010101110001111110
00001001100011110000000010010000
00000010101110010101000000111000
00000010011111011111001000011110
00000111100110110001011000101010
00001001111000101010111011100010
00000000100110101000011100111110
00100000100101101011011000100101
00011010010111011100001101101110
00111101101001000100100111111101
00001101000100110010001011001100
00111001100100011011011110111001
00001101010010001100000011000001
00001001110001101010001001101110
00000011101101101100110100011100
00000001100011101010111010110011
00000110110011010010001010011111
00001001111011001100010001100110
00000011101001000110011011110100
00011001101110110001011110011100
00100100101101010011101001001100
00100011001101101111011010100100
00000111101010011011101110110100
00010010010011100110010110011001
00000111000010000110011111101111
00000100001010011111010101011100
00000001100000111101100010111011
00000110110000100110111101000000
00001001111001001111111000010110
00000011101100110110011010101010
00011001011011100010100110010100
00100100110011000110110011111001
00100010000001101110101001110001
00001000001101010111111001000011
00010000111100111110110100000100
00000110100011011101100010100100
00000011001000000010011110111100
00000010011100101110000010101110
00000111100010111110101000011100
00001001110011001010100100000110
00000000100101001110001111111010
00100000001010101000110100010011
00011010001100111000110100110000
00111011010110010110000111010111
00001010010111110011100000100101
00110101001001011111111110110000
00001011010111100010010011111001
00001101011101110001010000100001
00000101010110010101010101010001
00000000101111101001110100011011
00000100101010111000100111111010
00001001000111111100000111000001
00001000001101001001100101010110
00001010001111111000000101000100
00101011110001010101100011101101
00000001111101011101000101100000
00101110010100100100110101000001
00000101011011110100010110101001
00010110011101101110001010101100
00001000001110000100100100111111
00000111011100101100010010100100
00000001001100110111011101000010
00000100001010001011000011100100
00001000110110101101110110100100
00001000111011111000100101011011
00000111000100111101110000110001
00101010100111111111111011000001
00000101000001001100001101010110
00111111010110100101111010000000
00001001111000000010100001011010
00011000111011110000010111000001
00001100001101011000011011111101
00001001101010001000000100011110
00000011011000101000110101101010
00000001110111101001010011010101
00000111000100110010011010001111
00001001111100000000101100100011
00000010101101010010001000001001
00011100000010000100101001011010
00100001101001011101100000110010
00101100011011011011110111000011
00000010100010110101001000000001
00011111001101111000001010111101
00001001010111001001100011101100
00001110001001001001000011001001
00000101011010011000011010110011
00000001000010101110111001100101
00000100011001000011000010000111
00001000111100111100001101110101
00001000100001110101101101111000
00001000100111001111000001001011
00101010111100110010000001010010
00000011001111111101001001101010
00110110000010100001110001010010
00000000000111110010100101100100
00011000111010111000111111011011
00001001001011000111000111110010
00001001011001001001100101101110
00000010101011000101100100001101
00000010100100000010011001000101
00000111101010011111100001001001
00001001110111100001011001011011
00000000010101010010001000010001
00100001000110000011001011101011
00011001011010110010000111010111
00111111010000010110101011001001
00001110111101101111011011011010
00111010101110010100001000000010
00010000010011000010110000001111
00001000010111010110110110110001
00000011110111101011100101100110
00000001101000000000011001011011
00000110110110111100101110100111
00001001111010100101001111110110
00000011011010011011110100101101
00011010001110111011001100100001
00100011111011100001001110101011
00100101001100101010111001001010
00000110101110111110100100000010
00010100101100011100011010110010
00000111110000111101101101110101
00000110000010011011000101100101
00000000000101010100000011011000
00000101010010001000001001110101
00001001011111001111001100001100
00000111011001011101100111010111
00001110000100110011110001100000
00101100110011101111000001110110
00000010101110010110101110101111
00011101111001010111111010100110
00001001010101110110011010011100
00001101001100010000001111000000
00000100111011100000010100110000
00000000010100100110010011011011
00000101000100100111010111001001
00001001010101111000100101011001
00000111100111110010001111110100
00001100110011001110111000011100
00101100010011001011101100011110
00000010000011101101111000010100
00100010011011010101110111111010
00001001001101010110110101100101
00010000010011111000110000010000
00000110010111111110011110001001
00000010101011100001101101111101
00000010110110101110101000110101
00000111110111101010001001101001
00001001101010101110001100111110
00000001000001011010001010010011
00100010111100000000011101111111
00010100110010001000001000010000
01000010110001000000011110001110
00010010111100100111010011001000
00110101111101000000011011100011
00011011000001100000011000100101
00000111111100001011011001101101
00001011011100111011100110000110
00000011110011101111001000110011
00000001001000011101110000101011
00000110011010111100001101001110
00001001110111011001010000111100
00000100110010010000110100010011
00010110100111110001010010001010
00101000000101010101110011011010
00010111011101010110011101011000
00001100000000011101101001001110
00001000110101010010101111111000
00000010110100000100010110100101
00000010100000011011000110100101
00000111100111001101011000010000
00001001110111000110001000100000
00000000100000011111010111000010
00100000101010101111011111010110
00011010000000110011100010110100
00111101101100001011001111100111
00001101000110001011011111011101
00111001000011010010011000101110
00001101100101110011110011001110
00001010000001011110000100010100
00000011111100001101100001111110
00000001010100001101101101100011
00000110100101100010000101110101
00001001111001011111001100110110
00000100010100000010000010001001
00010111111101001111110001000110
00100110110000100000010001101101
00011100010110000011001010100000
00001010011000110111101101011111
00001011110001010111110111111010
00000100010011001111101110100011
00000000100111111010011000110001
00000101111101001001010101000011
00001001101110110111101101001011
00000101111101000100110111111010
00010011000000011010110011010000
00101010110011001001010100101011
00001100001001100001000111100001
00010000100010101101101000000010
00000110110011111110010111101000
00000011000100000101010101111111
00000010011110111101010001110010
00000111100100111100000000011010
00001001110011001010101001101001
00000000011101110111101111010011
00100000011011000000111111100011
00011001110100000010101110010010
00111100001111101110101001011010
00001011010111001001010101100010
00110110001010111111011101110000
00001100001111110001001100000001
00001100011001001010101110011100
00000100111101001110011111111001
00000000000101111100100100001101
00000101010010010001100000111110
00001001011101001011101111011000
00000111010010110010111001101110
00001110001100110010000110000111
00101100011001001101000101111000
00000011000110001000000011001011
00011100111101111011000100011101
00001001010001000110100001100011
00001100100001000100101100101110
00000100100011111010001001111100
00000000001100011101110110101011
00000101100011101001010101011011
00001001100100101111110110000000
00000110110010000001110110101100
00010000000110100011011001000110
00101011111111100100011100110100
00000101110001011011001110100010
00010110110000010100100001101010
00001000010010000101000111011000
00000111101011100000110111110001
00000001011000000110101000001000
00000011111110011010011100010111
00001000101110111001001011010000
00001001000110111101001100000001
00000110000100111011111001000011
00101001110011110010111110001101
00000110110111000000000101000101
01000011010110111100101001000011
00001111100111000101110101100110
00011001011110010001100100001101
00010000110000000001100110101110
00001010011001010100101001101111
00000101001001011010101001111000
00000000001110110001110001111011
00000101100101100110100101010011
00001001100110110110101100000101
00000110110010000001000101101010
00010000010000101100101011011001
00101100001011110011011000000100
00000101111010101010110000110111
00010110011110010010110010010111
00001000001101111010001101000001
00000111011101000110110001101101
00000001001101001001011111010111
00000100001001111000001000110111
00001000110110100001100100000011
00001000111100001011100101110010
00000111000011010100011110000010
00101010100110110001110100011110
00000101000011111011010101010011
00111111011101110010011000101111
00001010000001100001110011110110
00011000111100000110011101101011
00001100010010101000111010110011
00001001101010111110011001011110
00000011011010010101101101010001
00000001110101111110110101101101
00000111000011010101111011001111
00001001111100000000100101011110
00000010110010011101111001000110
00011011110101110011011010011111
00100001111010111001001110101110
00101011101010001101011001010010
00000011000011001010100000110011
00011101111111011111010111111100
00001001010011001011100100111100
00001101010010000000011100000111
00000100111110001011101000011101
00000000011000101100011011101010
00000101000000110000100000001010
00001001010011110110010111010100
00000111101101101011101110001111
00001100011010001011000000100101
00101100010000011011000001111111
00000001111000110001000101010001
00100100000111011110000011111111
00001000111111011001011111010010
00010001010111101001000010110100
00000110110001101010100100110101
00000011011110110011000101110001
00000010000111110001011100100101
00000111010001110010001011001101
00001001110111011010110011001100
00000001110000111111110001100000
00011101110110000011000110110100
00011110010011101100111110001010
00110011010000001110010011000100
00000010100100101011110100110011
00101010000100000101110001111100
00001001000110110011001110011001
00010010110010110001101000111000
00000111010010100100011011100011
00000100100101011100111011110000
00000001001000110011111111011001
00000110011011001100111101011001
00001001110110111101000001000100
00000100110000000101010000000100
00010110101010111011110100000000
00100111111100111010110101110010
00010111101001111001001001100000
00001011111100101011001101101111
00001000111011001101101001110110
00000010110111000101010110110000
00000010011100111001110110000111
00000111100100010100101100100011
00001001110111111011001010000011
00000000101101101101111110101110
00100000010001101100001101111010
00011010101110111111101010000100
00111100011010001111110111010101
00001011101001011111100101111001
00110111111000101101110100110110
00001011110100011101110001001110
00001011011100000111110010101000
00000100010110111010010100011100
00000000101010001001101001001001
00000101111111001101100101011110
00001001101111101110011101101010
00000101111000110001111100010010
00010011001111100111101010101001
00101010101011111111110011001101
00001100110001101000011001101101
00010000001011010110110010100110
00000110110001000101111011110110
00000010110110111011100000000110
00000010101010110100110111011111
00000111101110011111110100100110
00001001101111110100011011111010
00000000001111110100011111011111
00100001101101001111101010001110
00010111010111110011001000010101
01000000000000101001000001011100
00001111101011010101011110100101
00111000000000100101011001111111
00010010111101110000111110001001
00001001001010100101010110110110
00000101100001111011111110101011
00000000001000100100101101000100
00000101011111100111010100011100
00001001100100110101000110110010
00000110111111001110100000010111
00001111100100011100111110100011
00101100011110000101000000100101
00000100101101000010010100110001
00011000100100011010111000110100
00001000101010110101001111000111
00001001001000000110010000000101
00000010011011100000000010100101
00000010110101000001001000111001
00000111111000010100011000000000
00001001110010110101010100011010
00000000101101000010000101110111
00100010111101011000111000110101
00010101110110110110101011100001
01000100100000010110111010001101
00010101100011001111110111010001
00111010001100101100010011001101
00100001100100101010110111001100
00000101111101000000010010111100
00011000110001101101101001001110
00001000101010010000110011000110
00001001010010110001111011000100
00000010100010100001111111001001
00000010101100111110011111001001
00000111110001110101100111110101
00001001110101010110110101110110
00000000001100111000111111011111
00100010000101011111001000010011
00010111100100100010111001011000
01000010001111001000010110110000
00010010101000111000111111011000
00111011100010010011101101010110
00011000101000000110000000001000
00000111000001101100000010111100
00001001101001010010000100100101
00000010100110000001010011000001
00000010100110100100001110000010
00000111101100101110001000011110
00001001110111100001011100000100
00000000001100110100100000110101
00100001011000110101011100010010
00011000111101110000001101010010
01000000010001011100011010011010
00010000001101100000001101101100
00111011100010011000100011111101
00010010100110101011100111011111
00000111100111101010101010110110
00000100100111110010011011011110
00000001000100101101101000110101
00000110010111100001010000001010
00001001110110011001100100100111
00000100111010111111011110001111
00010110001100111101101101001101
00101000011011011001011011100001
00010110000000001010111101101100
00001100011110100100011011110010
00001000001101110110110101000110
00000010100001000101100011111110
00000010110110011001001001100011
00000111111000110010110111000010
00001001110000000000100111010110
00000000110110111000010100011010
00100011000010110111011001111110
00010101010101011100101010110110
01000100001011011000111010111101
00010101000000001001101011010100
00111000100100110011000010101110
00100000001100000010010101010011
00000110001111011101001101010111
00010100010010101111101110111110
00000111101000110110001101010000
00000101101101110010010111011111
00000000001011110011011011001010
00000101100010100111111010111011
00001001100110011000111100100100
00000110111010001110101000000111
00001111111001000000101111101111
00101100011100000010110111101110
00000101001100010010100011001110
00010111101000010100110011100111
00001000011110100101101010110011
00001000011000010001010011001000
00000001111001010110011010101001
00000011011010110110011000110011
00001000010101100101000111001010
00001001100001010001001101100000
00000011010010100100010000001101
00100110110011010011000011101010
00001101101101011001101110111100
01001001001110011111000100101011
00011010101100111001011100011101
00100101001100010111010010100100
00101101100001111100011010110001
00000001011101101100001100011010
00100011000010111101110011010101
00001001010000011010101000000011
00010000100111010010010111001111
00000110100000001100010000000011
00000010111010100001111100010111
00000010101000110110101100110100
00000111101100101111111000011001
00001001101111110001101010010000
00000000001001010001110101111001
00100001011110101110010000111010
00010111101101101001010111010100
00111111010001010010001101111010
00001110110001111110101100010100
00110111100101001110001101011000
00010001010110011000001001111000
00001001110010001110010110010100
00000101000100110011010000000110
00000000011001101101101101000001
00000101101111110111111110100011
00001001101011000011100001111111
00000110011101010000000011011000
00010001011010111110000000010110
00101011110001101001000010111001
00001000001101110000010100111010
00010011100110101000101110011101
00000111011111101010000101111001
00000101001100011011001101001000
00000000100111100000001001001111
00000101111100101111100100000111
00001001101111101100100001101000
00000110000000110101111001111101
00010010111010110110111111111101
00101011000001011010001110000101
00001011110101100100101101110101
00010000101110100100101011010011
00000110110101101011110100101000
00000011001011000101110010010001
00000010011000101001111001001101
00000111011111110011001101010010
00001001110100101001100010110111
00000000110101010101000000011010
00011111101110101100100001100110
00011011000101000111101001011110
00111001111111100101001110010001
00001000111100110011000001011011
00110011110110010001100000001001
00001010001111100111100110100100
00001110111001111111111001100011
00000101111000000010010001100001
00000001101100010010011101011101
00000011110001101001111001010010
00001000100011001001001111111101
00001001000111111000111111011101
00000101010000111101000010101001
00101000011000100011100011110011
00001000110101101101000100110000
01000011000101011101001111111011
00010000001001001000101101101111
00011101011101101100110101100100
00010011001011100101100110111010
00001011101010100011111001010110
00000110101011110011000111110110
00000001001111001111101011100110
00000100001010010010010000111111
00001000110101100001111010111100
00001000110111101101110111100100
00000111001011010100101010100101
00101010011011011000001111010011
00000100111110110100101110101010
00111101111011000001101111011111
00001000010001111110001111111100
00011001100011101001011011101011
00001011101000011110011010001110
00001001111100110100110000110100
00000011011100011010011011011000
00000001110001001001000010100101
00000110111111001010000010010001
00001001111100000110111111000010
00000011000001101110101010011100
00011011010010000101111101000010
00100010101110010001001100001001
00101001011011000101111110101000
00000100011011100100100011010100
00011010100100010110011001010111
00001000111101101110010011100000
00001010101100111111011010010000
00000011011110011001111111100000
00000001100110010011000110000011
00000110110101101011001000001100
00001001111011110011110110001000
00000011100010011110111101101100
00011010000001111111111000100010
00100100011001101011110011110100
00100100011010010010110000010111
00000111000110011010010011001001
00010011101111011010000010000010
00000111011111010110111010010110
00000101010010001100100100011111
00000000100010110111100111001100
00000101111000011011001000010101
00001001101110010101101101100010
00000110001011000010101101100001
00010010011010000000000101010010
00101011010101001001011000110101
00001010100000010111011000001010
00010001101000000010011110011101
00000111000000101001110111110110
00000011110000001000100010110000
00000001110111100011001000100101
00000111000100001000110010000011
00001001111001001101001100000001
00000010100111100011001011100000
00011100000000101001111001001100
00100001001111001110010000011001
00101100001101001011001101001101
00000010101110110001010100001010
00011110101011100010110011101110
00001001010101111101101000011100
00001101110001001001011100010011
00000101001110011000010001100000
00000000110000011110111101000100
00000100101010010011001000110100
00001001000111010100110010010111
00001000001101000100000011001110
00001010001101010111001010000010
00101011101100111000101001101100
00000010000000100110001100001000
00101110011000010010101011110001
00000101011000101111000111101000
00010110100000110000100001010101
00001000001110110100111110110110
00000111011111000111111100010110
00000001001110101110110001001000
00000100001000001110110100010111
00001000110101011100011110110000
00001000111101110011000010001101
00000110111010001110001011001010
00101010011111110101010110100011
00000101010011011000001101001011
01000000000100101111101011001011
00001010110101110000101101101111
00011000111110100010011101111100
00001100110001011010101100001001
00001001110000001010010011000000
00000011100100101010110011000110
00000001101011111010010101011100
00000110111010100010111100110011
00001001111011101111101100100101
00000011010001000100110100010001
00011010101011100000100101001111
00100011100000001101011101010111
00100110111111110101100110110101
00000101110011000000101100001110
00010111000101111010110110001101
00001000010110110000010011101011
00000111111100110000101001010111
00000001100101000001110010100011
00000011110000101110011110001111
00001000100101011011101010011011
00001001010010010011111100100000
00000100111101100110001100011100
00101000101111010100101111100001
00001001010011111100101110010000
01000110110011001010001111010101
00010101011010000111101111100000
00011011101111000101001010010010
00011010000100010010110011011011
00001010100010110011001010111111
00001010001101110101100110100001
00000011011010000101100100000001
00000001110000001101111111001111
00000110111110011000010110111101
00001001111100001111111000110110
00000011000100111001100000010111
00011011001011010001101100110010
00100010111001001110011000001001
00101001000000000000000001110101
00000100101011010011100110111000
00011001111100101111000010100111
00001000111000000110011011100010
00001010001101111111001010100000
00000011001010011111000111000101
00000001111110011011010011010000
00000111001010110001110011000001
00001001111100011111100111101010
00000010011001000011100001100100
00011100110100010001001101110011
00100000100110001001111010111110
00101111100110010001101010010100
00000000010010011111001100010110
00100100100000001000010010011001
00001001010101011010100010101101
00010001010000010100101000100000
00000110110000101110111100000011
00000011011010001100110100111000
00000010001011110101110000110101
00000111010101001011000111111000
00001001110110110100101011111100
00000001100010110111101010100101
00011110010011010000010111100111
00011101100010110010000111111110
00110100111100010100101001111000
00000100000011001010001100000111
00101100101111010000000010111001
00001001000001110010101010110101
00010010101011101110011111111110
00000111001111110111101111010100
00000100011111110101001111010110
00000001001101110000010100010011
00000110011111101000011011101010
00001001110111101000110110110010
00000100100010111100010100111010
00010111001110111110111111011001
00100111010111101000001100100010
00011001101100000000111001100100
00001011010010101100100000101011
00001010000000001110100011000111
00000011011010010000001010000100
00000001110010011111101011010110
00000111000000010110010100001010
00001001111100001100010101100010
00000010111101101101110001111100
00011011011100000101101111000110
00100010100001000101100101001100
00101010000011011011000000110010
00000100000011011000000011110011
00011011100001000110111010010101
00001001000101010001101000000001
00001011011011111111010010011100
00000011111011011011110110111101
00000001000001111001101110011100
00000110010100111110111100110101
00001001110101111111000101001010
00000101000010011000000111111011
00010101111000011010110000110000
00101000101111100100011110010100
00010100111001001100010000100101
00001100110101101010110110011001
00000111110100100110111100110010
00000010010110000001010100100101
00000011000011000011010000101111
00001000000010100011000011111110
00001001101010010001111101001110
00000001101101001001110111001000
00100100010110000101100010111101
00010010100011110110110111110100
01000110011101111011000011001111
00010111110011100111111010001011
00110011000000011110011011001110
00101001010001101011100010001010
00000011001011010101101000011001
00100101001000100111110100011000
00001000011111111111001100001110
00010010010010000110100100010011
00000111000100110000010111110001
00000100001010110110110000010001
00000001100000011010010100011111
00000110110000001000011011100110
00001001111001010000000110100001
00000011101110100001110010101001
00011001010111011111111100001100
00100100111000100001010011001100
00100001110001111101001010100011
00001000010100000110110110011000
00010000101100000011111111111010
00000110011101000111101010011010
00000010111011001101011011111100
00000010101000011101111011011001
00000111101100011010000110100110
00001001101111110001110011011000
00000000000111111110100110001000
00100001011011111001000001001000
00010111110001111111110101011011
00111111001000000110101101100100
00001110100110111111101001001010
00110111011111100101000011110111
00010001000011101110111000101100
00001001111010010001101011011000
00000101000001010001001110011111
00000000011011001100110000111000
00000101110001010001011011110010
00001001101011100001110010101000
00000110011010000110100000100101
00010001100101011010101101000110
00101011101100011001110100110111
00001000100101001100001001000000
00010011001111100001011001110110
00000111011001101100100001001100
00000100111010110110110000110001
00000000110110011011110000111100
00000110001010100001101011010001
00001001110011011111111011111100
00000101011110010001100001000001
00010100100101101111001111010100
00101001110101001001110010001001
00010000101011100000110000100100
00001110010110000001111001100100
00000110111000110010001100011000
00000010001011001010111001101011
00000011010001101111101111001001
00001000001101000000000001010000
00001001100000010100110100010001
00000010110010100111001110101000
00100101101101011101111101100101
00001111001111011111101101001100
01000110111110001110110010110000
00010111101111111000001011010001
00101010010011000001011000101101
00100111000000100100000001110110
00000101000111001111100000010111
00011001000101101011101110000101
00001000101111000101111101111010
00001001100010100011110010101010
00000010101101100001001111100011
00000010100000011010110111111100
00000111100111100010110101111111
00001001111000011110011011101001
00000000100011001010001001011010
00100000101100010111111111001101
00011010001011010011001100111111
00111101111111001011110001010000
00001101011110010111000110001011
00111001110111101111101100110110
00001101110101111000001001111111
00001001011010111101001100101111
00000011101001100110011111111000
00000001101010111100101101111110
00000110111001101010011000110000
00001001111011011110101100000101
00000011010011011100000100100010
00011010100100011100010101110101
00100011100111001110101111000110
00100110100011010000011010011110
00000110000010010011111001111010
00010110011110101110101000000110
00001000001101111110001010100011
00000111011101011100101001110001
00000001001101011001111010101110
00000100001001100111000001001001
00001000110110010110011000010101
00001000111100011100100101010101
00000111000001110101011111110110
00101010100101101010010111101010
00000101000110011010011100111011
00111111100100001101101100111111
00001010001010000011010010001010
00011000111100011101000000101000
00001100010111011101000001011110
00001001101011110001011010101110
00000011011011111010110110001100
00000001110100011011111100010011
00000111000001111111111000100011
00001001111011111111110011010010
00000010110111010000000000000100
00011011101010011001110111010010
00100010001010111010100100101011
00101010111100011011100001100000
00000011100000010111010000111111
00011100110111110100110001111000
00001001001101111001101000111101
00001100011101100011001100101110
00000100100001100110000101111110
00000000001111011100110101000100
00000101100110011011101010111000
00001001100101111100001101101001
00000110101100100111011111111111
00010000011010010111011101011110
00101011111001111000011100001001
00000110010100100100101011011111
00010101111010111001010111101100
00001000000101011100010000110001
00000111000000110110000100101101
00000000110111010010111101001101
00000100100000011000100001001010
00001001000100101001111111111011
00001000100011011011001110111110
00001001000100110111110010100000
00101011110111001011000100101100
00000010011011110100110101111100
00110101110000100111101010011001
00000000011101100111000010111110
00011000001010000000000110100100
00001000111011011100100100110001
00001000110011101110000111100110
00000010001111111110010101101110
00000011000010011000110010111001
00001000000010110111000110000101
00001001101101100101101101101100
00000001100101000011000110011011
00100100010111100111100000010111
00010010111101000110011011010000
01000111010100111001001011100011
00011001001011010000010000110010
00110100011010011111010011001111
00101110010010100111110101101011
00000000101101001000110000000111
00111001010010011000100111001110
00000001011111101000110000010010
00010101110110111100011010000100
00001000100011100100110101111010
00000111000100011101100011001001
00000000111101110001110111110011
00000100011001111100001110110100
00001001000000100111011010001001
00001000101010101001101000000001
00001000011111010100101111101011
00101011100001110001110101111010
00000011000011001110001101000111
00111000101001000011100111101101
00000010001100011111010111011001
00011000100100111101111010111011
00001001011100100110010101100111
00001001001001011011000111010111
00000010100011001101010001000010
00000010101101100011010101100110
00000111110010001110011101011111
00001001110100111000011100101111
00000000001111101110101011101011
00100010001001000100001101000010
00010111011010101010010110011110
01000010010101001100101010100100
00010010101111110100001011011111
00111011010100010110100110101101
00011000111111111100001111100100
00000111000010010001101111101011
00001010000011000010111011101011
00000010110110110010101101110111
00000010010010101011000110011000
00000111011100001000111000000101
00001001111011001011111011101010
00000001010101100111011111101101
00011111001001001110100101110111
00011100111100100000100100101101
00111000100111001100100011111001
00000111101001001001010001011110
00110011011110001001111111001000
00001001000001011001111110010100
00001111111101011111111100110010
00000110001101011100011000011111
00000010011001101101010101100001
00000011000111010100110101100101
00001000000100010111111000111010
00001001100011000111100001100100
00000010001000011110100110100000
00100100100110110110110101000011
00010001001111111110110110110010
01000101010110010101011101011111
00010101111000011111111001101100
00101111010011100010001000110100
00100010111110000010000000110100
00000110011101110100011000000101
00010100010100000110000110100111
00000111101001100000110101101111
00000101101110111100100010011111
00000000001010110100000100100110
00000101100001101011010101111101
00001001100110000000010001100111
00000110111100000111101010010111
00001111110010001101100101111100
00101100011110000100011111010000
00000101000000111100101000110000
00010111111100110100011110001000
00001000100010111010010000101111
00001000101000100111010000001011
00000010000101001011101000100101
00000011001101111001100010011100
00001000001011110011110100000111
00001001101000011001111111010101
00000010010111001010010011110111
00100101100010111010001101111011
00010000011110010011011010111000
01001000110101000001111011110111
00011010111001100010000011101100
00101101011000100101110011010001
00110010101101100000101001111111
00000010110111100001100000111000
00111011011000110111011110111111
00000000110000010010101101111000
00010000111010100001111000011101
00000110100001110001001010111001
00000011000101101110010001000011
00000010011110111000000011111110
00000111100100101101111010001010
00001001110010100101010101000010
00000000011101000010110101100110
00100000011001101010010111010101
00011001110000101010111010111101
00111100000101100100000100010100
00001011001010111111001100010111
00110101110100001011010111011110
00001100001001001001111100101011
00001100101010100010001100001001
00000101000100111111100100000011
00000000010001010110100110010100
00000101000111100000101100001100
00001001010111110010110111100011
00000111100100011111000011010111
00001101000100110101011100010001
00101100011001100001011001101011
00000010001010100111110011000111
00100001011000110000011010011111
00001001010011001100011110011101
00001111101000000110100001001101
00000110000101111001001110000010
00000010001010011111011111100101
00000011010101011110000111110011
00001000001110111011110110100011
00001001011011010101010101111011
00000011001000010100101001111001
00100101111101001011001100110001
00001110010010110001101100011010
01000110000011001000101001000011
00010110000111111100110000101010
00101000000110000000011011001010
00100001110111011011110110010000
00000111111111010000111110000100
00010001000101100111001000001101
00000110100101111011000100011000
00000011001110001100000011010100
00000010010111001001100101000100
00000111011110011100101000001000
00001001110100011111010011000000
00000000111001111010101000111001
00011111100011100000110000111010
00011011010100011101110010011011
00111001010101110100100110111010
00001000010001000100111010001111
00110010111011000110111000011110
00001001111011011000010110100010
00001111101001011100111111111111
00000110001010101100111010011101
00000010001110010011110000010001
00000011010001110000010010001010
00001000001100001110111111011101
00001001011101101010100011101110
00000010110110111110111001111100
00100101100111010110110110001101
00001111000100100101000111011010
01000110000011111011100011001100
00010110010111010001111101010110
00101010000000000010001110111001
00100011000110011011111111001111
00000111001011010001110011000011
00010010111100111100110000101000
00000111001111000011111000011110
00000100101010010111110101011010
00000001000101000100101101010011
00000110010111110101010110001011
00001001110110010101100100100011
00000100111001101111100100001101
00010110001111110000100100010000
00101000010111011001101001101001
00010110001010010000000111100101
00001100011011010111100000101011
00001000010001110010100010100111
00000010100010111011010100110010
00000010110100010010010010111111
00000111110111001001000100011011
00001001110000110101100111011101
00000000101110001000101111101111
00100010110100101001100110110011
00010101110010110001011001100110
01000011101011110000001111010000
00010100011000010000110010001000
00111001001011110001011000100110
00011110001101110010110101111010
00000110100110101010100100001111
00010000111101010010000010100010
00000110011101100010111001101000
00000011000100110010011100000100
00000010011111111111111010111111
00000111100101100101110110110011
00001001110010001010000110111001
00000000011000100011001100010011
00100000100001010011111101001111
00011001100001000110011101000111
00111100011100000010001000001011
00001011100011011101100010110000
00110110000011101101101011111111
00001100100101001000001001011010
00001100010100000111110110110111
00000100111110110001010110010111
00000000000101101111101001000011
00000101010010011100100011100010
00001001011101010100111000010101
00000111010010101011011011100100
00001110001101110000101110001010
00101100011001110111000001110001
00000011000110101101110000011111
00011100111011000111100101110101
00001001010000111010010101011000
00001100011110111110111110011011
00000100100010101111101011010111
00000000001110000100000010110011
00000101100101001000110000110000
00001001100101011001000100000001
00000110101111001001110010110110
00010000010001001000011000110101
00101011111100101001000111110111
00000110000011111010010010011101
00010110010011011101100010011001
00001000001011010101111010110001
00000111010100011100110010101001
00000001000110100000010010010000
00000100010000110001010001111000
00001000111010111110011110001000
00001000110101000111101101011010
00000111101001111111101111111110
00101011000010010101000001110111
00000100000111100000110001111101
00111100101111100100000111101100
00000110100111011010110100001001
00011000110100100111011011011101
00001010101110001100111011111010
00001001011010110010110001001011
00000010111011110110101010101110
00000010010100001100010010011011
00000111011101001101011010111110
00001001111010000100110010011110
00000001001110011101000100001000
00011111010011011111010011110001
00011100100010001100101101100001
00111001000101111111001000001001
00001000000111010111000001000000
00110011111100010000100001001101
00001001010001111000110110011010
00001111011110111101000011010110
00000110000001101111011000111111
00000010000011011100010101101100
00000011011100000100111010010111
00001000010011110000101000111101
00001001010111001101011001010101
00000011100111010010011001101101
00100110100011100110110110110101
00001100111100100111101001011111
01000101110110111010111010010011
00010101011011110100100000100000
00100100111010110011001101111010
00011111000010111010001100001100
00001001011101110000100100100010
00001101111101111110001000011000
00000101010101101001100111100000
00000000111010110110101101110000
00000100100000011111000000100001
00001001000001100000011001111100
00001000011001010000100011100011
00001001010010100100101000101011
00101011010011101100101011100010
00000010100110101101011010011010
00110010110100111011110111000110
00000010100000001110010101111001
00011000000010111000110110100111
00001000101100111010110010101001
00001000101101101010011000011010
00000010001001111011000011101001
00000011001000110101000001100001
00001000000111111001001010101011
00001001101010110011100010100111
00000010000000110011011011000101
00100101000010000111100000100100
00010001100100001011100100100101
01001000010010100011110001000001
00011010010101101001101110001010
00110000100111101010111011110101
00110001110011010110110010000000
00000001111111000001100000110011
00111110111011010100011111001000
00000100110001111101111010011111
00001111010101110001100111010110
00000110001010101101000111100100
00000010000101010011011010100100
00000011011001111010010101000101
00001000010010010100101101111001
00001001011001000011110011101100
00000011011100010100100111010000
00100110011000010011011000101101
00001101011010010000011011000110
01000110000111101011010110010110
00010101111101010110000101011111
00100101111011100001001110100011
00100000101001101011100101101101
00001000101111000010000110111011
00001111100011110101010000111100
00000110000000100101001101000000
00000010000100111100011101000101
00000011011010110001100111101000
00001000010010110001110100011000
00001001010111111011000111100111
00000011100001010100101110010010
00100110011011110101000101111010
00001101001101000001100001011000
01000101111000001111110010110000
00010101100010111110101001100100
00100101100001001110001001111110
00011111100010011001101010000010
00001001001110110111000101101111
00001110011100010001100011101111
00000101100010101110001011011110
00000001010000100011101000111001
00000100001011111111111011000111
00001000110100101011000001111000
00001000101111101111000110000011
00000111011101011111110000001001
00101010001101110001010001110111
00000100101110111010011100111011
00111011001101100110110111111101
00000101010111110000111101000000
00011010000100110011101000000100
00001010101000111101000100001111
00001010001110001111011100011100
00000011011011011000001010111001
00000001101110111110101010101011
00000110111101010010110000111001
00001001111100001100011000100110
00000011001000100111001110100000
00011011000010000111110001001000
00100011000101011100000111111010
00101000011011001000111011001000
00000101000000011110100110010001
00011001000111000001000000010111
00001000101111100101001100111001
00001001100011100110000111100101
00000010101110010000100000110000
00000010011111100100110011100001
00000111100110110110000100001101
00001001111000101001101011100010
00000000100110010011001110110110
00100000100110010100000001000101
00011010010110010001111100111100
00111101101011001010100111000011
00001101000111001100011110000001
00111001100110010010000001110111
00001101010101011101101110101110
00001001101111011101101111101101
00000011101101001110010001001001
00000001100100011101010111100101
00000110110011111110100110000110
00001001111011001111011000011101
00000011100110110011010011111101
00011001110100100101010110010100
00100100100101111110101011000110
00100011100100101111111011101000
00000111011111111010001011011110
00010010101110011101001010011010
00000111001011000000100110111100
00000100011111010110001110101011
00000001001110101000000011110010
00000110100000011001111110100100
00001001110111101101110110100111
00000100100000100001000011000101
00010111010101011000000100110010
00100111010000011110011010011011
00011010000011011111100100010010
00001011001011000001010001111110
00001010001110010001100110100100
00000011100001011100111011011110
00000001101001100000101010110100
00000110111000011110101010111000
00001001111011110111010101111001
00000011011000101111010100011001
00011010011001101111111011111101
00100011111001110110110011011110
00100101111001000000110100000001
00000110010111110000101110001111
00010101100111011101101100001111
00001000000000100101000001000011
00000110110001010110001100100010
00000000101011000110101001000110
00000100101100101111001000100010
00001001001011111001001011001100
00001000010011101010011100011011
00001010010000000000001111001011
00101100010110100111001101000100
00000001101000001001000100101001
00101111101110001001110100000010
00000100110100000011100000010001
00010110101011110000010010010110
00001000010010000111110111100000
00000111101000000000010001001110
00000001010101100100111000101111
00000100000001000101000001011011
00001000110000101100000100001010
00001001000100100010110110001100
00000110010011001111011101110001
00101010000000001010001110111010
00000110011010110000010100010100
01000010100001101011010010111111
00001110010101110011110001101011
00011001010001110001110010101110
00001111011101100001001100010000
00001010001101000111111001111011
00000100100110001000110111100111
00000000101110010000000100100011
00000110000010111111111001000000
00001001110001010111001100100001
00000101110001000100011001100110
00010011101011011001001110100100
00101010011111001111100111101111
00001101111101001000111101000101
00001111100011010110001111100010
00000110101110101110010000001110
00000010100011001010001100010001
00000010111100101011011010011110
00000111111100100110101100110011
00001001101001011011101011100010
00000001011000010000010101010111
00100011100101010110000001101010
00010011100111101111110010101001
01000100010001111010110111011101
00010100110110010011101110000101
00110100100001100110101111100111
00100000010000010011011011111111
00000110101100011010011001100110
00010010000110101100111100111010
00000110111010100001100000001110
00000011111110111011100011000011
00000001101011011011101010010001
00000110111001101100111110111100
00001001111001011010000101100010
00000011001101010100000101110111
00011010101000001011101101010001
00100011001100111101111101101010
00100110101111010010011101110110
00000101111101101011001001111001
00010110101011000011100100101011
00001000010000110010111110000101
00000111100111010010111010101110
00000001010100111001100111101101
00000100000001110001101111011110
00001000110001001010010101101101
00001001000011111010101110101110
00000110010110111111011000111101
00101010000011011001010111100111
00000110010011100000011010101111
01000010010011100011111110010000
00001110000000101010001110110011
00011001001110110111001100101010
00001111001001111010000010000100
00001010001001111000111111010101
00000100011110000010100011111100
00000000110101101010111101110101
00000110001001110101000001010111
00001001110011010110101101011000
00000101100000001011101111010100
00010100100000001011111011101101
00101001111001111000010010000011
00010000011010001000101111010011
00001110011101000000011000011001
00000110110110110011000101010100
00000010001100010110001101101011
00000011010000110011011111100100
00001000001100010000000101101100
00001001100000101100011000100111
00000010101110100101011001000110
00100101100111010110111001010101
00001111011011100000001101101000
01000110111000100110101001110000
00010111101010110110001111011111
00101010110011001011011000100001
00100110111101010110010110010001
00000101000101001111111001010010
00011001001101110010011000110001
00001000110000011000101011000101
00001001101000111111000011010100
00000010110001110111100011011010
00000010011011011000111110011001
00000111100011010111100100111100
00001001111001011101111111101011
00000000110101101101101011101001
00100000001000001100000001001010
00011011001100001110101111001010
00111100000101010011000101000111
00001011010011111111011100001100
00110111111110100001011000011001
00001011010000110101101001000011
00001011100110111111100000100000
00000100010110100001001111100010
00000000100111110010100010001010
00000101111101000001111111000110
00001001101110111010111010011010
00000101111101100110100010111110
00010010111111010100100100010010
00101010110100110011011011000101
00001100000110000111111101000110
00010000100100101110111100001010
00000110110100010000100001111000
00000011000101010000111010110001
00000010011101111001001101111010
00000111100100000100101110000110
00001001110011011011100101000001
00000000100001110111100011011101
00100000010011100100010010110110
00011010000001110100111101101001
00111011111000001000110001010111
00001010111101010010101011001000
00110101110101110110110110100110
00001011110101001000001110001000
00001100110011000000001110000101
00000101000101101110100100001011
00000000010100100010111011000011
00000101000100100000111101011100
00001001010110001100001011001100
00000111101001000001101010010011
00001100110001010110001110010111
00101100010111011101100111110111
00000010000000000111010100111011
00100010101010001000111101001100
00001001001100001101011010000000
00010000011101000100110101110100
00000110011011101001111111010000
00000010110010011111001110000100
00000010110000010010110001001110
00000111110010101000000110000011
00001001101101001100111000010011
00000000100111000001010110111000
00100010010001000111110001011001
00010110001001011110001101000101
01000001010010000000101111010110
00010001001010011110000000010011
00110111010000010000110000001111
00010110011100010011110100010111
00001000101010011111011110101110
00000111100000011101010111110011
00000001010011001111101100101010
00000100000011110001001111010101
00001000110010011001000100110111
00001001000001101111010010110010
00000110100010010000101111100011
00101010001011010110110110000000
00000101111110110111100111101111
01000001100001110011000110101110
00001100111001011100001110001011
00011001001100110111011010111010
00001110010000000011101001111111
00001010000010100111000011101011
00000100001000011110100010001000
00000001001001011001000011111111
00000110011011110010101010011101
00001001110111101100101111000001
00000100110000001111111101100111
00010110101110010100111110100010
00101000000000011111110110010001
00010111110100010100111111111101
00001011111001000001001001011010
00001001000000001001010110111111
00000010111001011110111001010011
00000010011010000011111100001010
00000111100001111110110110001001
00001001111000100010101010101110
00000000111000010000110110000001
00011111111101010111000100110100
00011011010011111001010000001000
00111011010101100111111101101100
00001010011110000011111110110011
00110110101110000100110111001000
00001010101110000000010101111110
00001100110000011110101110101000
00000100111000110011000001011110
00000000001001011000011111010001
00000101001111000111001010001111
00001001011011011001001110010100
00000111010111011010001101101010
00001101111000001101111110001110
00101100010111010001001001100010
00000010110011110001100011000101
00011110000111101011010110011011
00001001010101010010100101111000
00001101010111001001010011001110
00000101000001000101011010100101
00000000011100110001011010011100
00000100111100111010010100010010
00001001010001110010101100111010
00000111110011011011110000100101
00001100000001011010010100111011
00101100001100101111001010100000
00000001110001100011000110000111
00100101110101101101011110110011
00001000101010100001010110101101
00010010011000110111000111011101
00000111000111110100110010010111
00000100010000011100100110001010
00000001011011011010011001000101
00000110101011101111101011100101
00001001111000111110010001001000
00000011111101000000111100011000
00011000110010111000100011001100
00100101100101111100001111100000
00011111100011111011100001110000
00001001001101111011011011011011
00001110011101111001100111001011
00000101100011011001100011110110
00000001010001101101111011011011
00000100001010111001110111110111
00001000110011111101101011000111
00001000110000110101011001100011
00000111010111011100100010101100
00101010001001011100101011111011
00000100111000000100010011111000
00111011100111001100001010101010
00000101110101010010100100101001
00011010001010100001001011010000
00001010110100011100110000011000
00001010010010000111111110100101
00000011011111101111111010101110
00000001101010010100110111011111
00000110111001001101000010111000
00001001111011111100111010011110
00000011010110011011010111100101
00011010011111110000101101010001
00100011110010011111111100011010
00100110010001001000010000110010
00000110001011010101101011100110
00010110000111011001010110100110
00001000001000011101100010010011
00000111001010110100001110110001
00000000111111000011110011011001
00000100011000011100010001010110
00001000111111110011011110101100
00001000101100101110100010110011
00001000010110000101001011100000
00101011011110000001011110011100
00000011001101001011110010100000
00111001011011101110110110101010
00000010111110010101000011110000
00011000100111101010110101010100
00001001100111101001010101100100
00001001001100000001010000100100
00000010100110100100011110000101
00000010101010000011010000100010
00000111101111010111011111010010
00001001110101110011111011010001
00000000000010001001000010011101
00100001110000011001101001011110
00011000001001011011001011001000
01000001001110101001000111000101
00010001010111010000011010110100
00111011010101110110000010100000
00010101011010111111111010101001
00000111011000101000010111001011
00000110100000000111010001101001
00000000011001100101101000000110
00000100111110001001110010100001
00001001010101100001011111001111
